# [General]
# timestamp=2024-05-29T15:23:02.022151
# comments='# '
# delimiter='\t'
# column_dtypes=float;;float
# column_headers='Frequency (Hz);;ai0 (V)'
# 
# [Metadata]
# microwave cw power (dbm)=13.0
# microwave scan power (dbm)=13.0
# approx. run time (s)=60.35343623161316
# number of frequency sweeps (#)=28
# start frequencies (hz)=(2650000000.0,)
# stop frequencies (hz)=(2670000000.0,)
# step sizes (hz)=(1000,)
# data rate (hz)=500.0
# oversampling factor (hz)=1
# averaged scans (#)=0
# 
# ---- END HEADER ----
2.650000000000000e+09	-3.519312868078141e-03
2.650020020020020e+09	-8.616596611072088e-03
2.650040040040040e+09	-5.621648485952192e-03
2.650060060060060e+09	9.564500318246041e-03
2.650080080080080e+09	6.099755928407266e-03
2.650100100100100e+09	-4.317965435804197e-03
2.650120120120120e+09	5.113558276353710e-05
2.650140140140140e+09	-3.401863852986136e-03
2.650160160160160e+09	8.145533669744445e-04
2.650180180180180e+09	3.645073119361966e-03
2.650200200200200e+09	6.687001036111963e-03
2.650220220220220e+09	-4.799506132780356e-03
2.650240240240240e+09	-4.787761151714141e-03
2.650260260260260e+09	-1.334762211803527e-03
2.650280280280280e+09	6.381633427400259e-03
2.650300300300300e+09	-3.707231151477231e-03
2.650320320320320e+09	-6.690434441951704e-03
2.650340340340340e+09	1.469701912392504e-02
2.650360360360360e+09	-5.595992423857701e-04
2.650380380380380e+09	-1.767191068257869e-02
2.650400400400401e+09	-9.706704722311236e-04
2.650420420420421e+09	-6.103189632697967e-03
2.650440440440441e+09	-5.856546567189357e-03
2.650460460460461e+09	-6.535584858351826e-04
2.650480480480481e+09	-8.275994946125661e-03
2.650500500500501e+09	-9.333035572384090e-03
2.650520520520521e+09	-5.891781305334266e-03
2.650540540540541e+09	-4.952189724691069e-03
2.650560560560561e+09	1.098598872389503e-04
2.650580580580581e+09	-5.750842725318182e-03
2.650600600600601e+09	-1.851537518878695e-03
2.650620620620621e+09	-1.344374880309849e-02
2.650640640640641e+09	-1.315012638354911e-02
2.650660660660661e+09	1.028093879547919e-02
2.650680680680681e+09	7.274245485990037e-03
2.650700700700701e+09	3.621583092712618e-03
2.650720720720721e+09	-9.203841688317786e-03
2.650740740740741e+09	-4.036087974972291e-03
2.650760760760761e+09	1.695420823749920e-03
2.650780780780781e+09	4.960501682444889e-03
2.650800800800801e+09	1.012825499294206e-02
2.650820820820821e+09	5.113517750980474e-05
2.650840840840841e+09	1.139670374847013e-02
2.650860860860861e+09	-8.062416767975616e-04
2.650880880880881e+09	5.876603286117598e-03
2.650900900900901e+09	1.354818768769448e-03
2.650920920920921e+09	-1.145886124843020e-02
2.650940940940941e+09	4.387168183195284e-04
2.650960960960961e+09	6.193715182344547e-03
2.650980980980981e+09	-8.581362413728583e-03
2.651001001001001e+09	1.361648880241155e-02
2.651021021021021e+09	9.000745451043181e-03
2.651041041041041e+09	-6.279363049065753e-03
2.651061061061061e+09	2.282665314446264e-03
2.651081081081081e+09	-5.609904325287410e-03
2.651101101101101e+09	-4.059577843247238e-03
2.651121121121121e+09	8.178602313250441e-03
2.651141141141141e+09	-2.659768263528112e-04
2.651161161161161e+09	-3.601526893420168e-03
2.651181181181181e+09	-2.606951025502418e-02
2.651201201201201e+09	-1.120047385284418e-02
2.651221221221221e+09	-7.970627794815947e-03
2.651241241241241e+09	7.920215025980438e-03
2.651261261261261e+09	-6.432046258857494e-03
2.651281281281281e+09	-2.133414350564068e-03
2.651301301301301e+09	-9.990749747342801e-03
2.651321321321321e+09	1.089167338225780e-02
2.651341341341341e+09	-1.828047803882417e-03
2.651361361361362e+09	-4.635077971768752e-03
2.651381381381382e+09	1.613206228722361e-03
2.651401401401402e+09	-5.361092390438203e-04
2.651421421421422e+09	2.247430746379662e-03
2.651441441441442e+09	6.863174375490584e-03
2.651461461461462e+09	-7.864923834616096e-03
2.651481481481482e+09	-8.910219128813920e-03
2.651501501501502e+09	1.035140841014665e-02
2.651521521521522e+09	-2.039455826066192e-03
2.651541541541542e+09	-3.953873628839466e-03
2.651561561561562e+09	5.994052051485128e-03
2.651581581581582e+09	-3.554547421778599e-03
2.651601601601602e+09	-2.697169999079231e-03
2.651621621621622e+09	-7.254189280822691e-03
2.651641641641642e+09	-6.666944388972675e-03
2.651661661661662e+09	-1.412495266678269e-02
2.651681681681682e+09	-1.091859656865539e-02
2.651701701701702e+09	-1.465347288564356e-02
2.651721721721722e+09	-9.838065813920197e-03
2.651741741741742e+09	-3.683741087700192e-03
2.651761761761762e+09	-1.828264511038725e-02
2.651781781781782e+09	-1.679104386473613e-02
2.651801801801802e+09	-2.113665473674116e-02
2.651821821821822e+09	-3.084751319963402e-03
2.651841841841842e+09	-3.249179792482948e-03
2.651861861861862e+09	-1.024913729242393e-02
2.651881881881882e+09	-1.495884026856620e-02
2.651901901901902e+09	-4.529373392402649e-03
2.651921921921922e+09	6.369888558937443e-03
2.651941941941942e+09	-1.171724894042143e-02
2.651961961961962e+09	-1.481790138436752e-02
2.651981981981982e+09	-1.447729944328166e-02
2.652002002002002e+09	-8.722300936143028e-03
2.652022022022022e+09	-4.975679656504741e-03
2.652042042042042e+09	-1.020215793409733e-02
2.652062062062062e+09	-7.618280712412543e-03
2.652082082082082e+09	2.505818419601037e-03
2.652102102102102e+09	-9.943770036160508e-03
2.652122122122122e+09	-2.356784764167810e-02
2.652142142142142e+09	-1.727258455630762e-02
2.652162162162162e+09	-7.641771011261705e-03
2.652182182182182e+09	-6.326342380370306e-03
2.652202202202202e+09	-3.155221042191320e-03
2.652222222222222e+09	-1.393703430796043e-02
2.652242242242242e+09	-2.204101153806247e-02
2.652262262262262e+09	-1.428721480019953e-03
2.652282282282282e+09	-1.921049183924833e-02
2.652302302302302e+09	-9.849810971304810e-03
2.652322322322322e+09	-1.198738204085557e-02
2.652342342342342e+09	-1.292697324003532e-02
2.652362362362362e+09	-7.571301347738882e-03
2.652382382382382e+09	-2.264000126220378e-02
2.652402402402402e+09	-2.781949930516161e-02
2.652422422422422e+09	-1.999739992028912e-02
2.652442442442442e+09	-2.685641837612970e-02
2.652462462462462e+09	-1.386656474127337e-02
2.652482482482482e+09	-1.412495253032917e-02
2.652502502502502e+09	-4.153536833657171e-03
2.652522522522522e+09	-1.565178891854725e-02
2.652542542542542e+09	-9.156862335909597e-03
2.652562562562562e+09	-2.124235871488717e-02
2.652582582582582e+09	-2.444871482305757e-02
2.652602602602602e+09	-2.086435532900382e-03
2.652622622622622e+09	-3.683741469116874e-03
2.652642642642642e+09	-1.885814533383447e-02
2.652662662662663e+09	-2.684467352882074e-02
2.652682682682683e+09	-2.274570519708251e-02
2.652702702702703e+09	-3.307904382612195e-03
2.652722722722723e+09	1.542736979123183e-03
2.652742742742743e+09	-1.637997260912338e-02
2.652762762762763e+09	-1.491186047689796e-02
2.652782782782783e+09	-8.722300981746129e-03
2.652802802802803e+09	-1.287999394182470e-02
2.652822822822823e+09	-8.910219232424743e-03
2.652842842842843e+09	-9.391760110725051e-03
2.652862862862863e+09	-7.770964755453225e-03
2.652882882882883e+09	-3.660251280343446e-03
2.652902902902903e+09	3.304471102376490e-03
2.652922922922923e+09	-1.359643230339842e-02
2.652942942942943e+09	-8.628341815537306e-03
2.652962962962963e+09	-2.023229806895360e-02
2.652982982982983e+09	-7.982372871383207e-03
2.653003003003003e+09	-2.027710536687710e-03
2.653023023023023e+09	3.633328461994572e-03
2.653043043043043e+09	-1.674406387305585e-02
2.653063063063063e+09	-6.807882851343775e-03
2.653083083083083e+09	-4.200516313367021e-03
2.653103103103103e+09	6.863174328434349e-03
2.653123123123123e+09	4.044399846490611e-03
2.653143143143143e+09	1.158462193702596e-02
2.653163163163163e+09	5.606470564445736e-03
2.653183183183183e+09	1.119920787096575e-03
2.653203203203203e+09	7.332970195201500e-03
2.653223223223223e+09	1.671930675409538e-03
2.653243243243243e+09	7.558291104829155e-04
2.653263263263263e+09	7.661827124526183e-03
2.653283283283283e+09	-4.259240566325753e-03
2.653303303303303e+09	-5.880036662149808e-03
2.653323323323323e+09	-8.252505332299482e-03
2.653343343343343e+09	9.907270114576045e-04
2.653363363363363e+09	1.138495897549536e-02
2.653383383383383e+09	3.609838387094715e-03
2.653403403403403e+09	6.945388517337081e-03
2.653423423423423e+09	-8.358209513889591e-03
2.653443443443443e+09	5.254123873032025e-03
2.653463463463463e+09	-5.433730457391949e-03
2.653483483483483e+09	1.584801888943378e-02
2.653503503503503e+09	-1.428721523037026e-03
2.653523523523523e+09	-7.853178717483119e-03
2.653543543543543e+09	3.234001716724468e-03
2.653563563563563e+09	9.282622620920954e-03
2.653583583583583e+09	1.354601953987662e-02
2.653603603603604e+09	8.190347423272583e-03
2.653623623623624e+09	1.358125420103953e-02
2.653643643643644e+09	1.119704056874786e-02
2.653663663663664e+09	-2.145159717507685e-03
2.653683683683684e+09	5.679108277767513e-04
2.653703703703704e+09	6.886663898300924e-03
2.653723723723724e+09	6.710490660543346e-03
2.653743743743744e+09	1.156113189769123e-02
2.653763763763764e+09	1.611815152431561e-02
2.653783783783784e+09	2.506776131197753e-02
2.653803803803804e+09	-1.851537778259534e-03
2.653823823823824e+09	1.473225402577404e-02
2.653843843843844e+09	5.900092849337527e-03
2.653863863863864e+09	6.369888526431578e-03
2.653883883883884e+09	4.974411993323217e-04
2.653903903903904e+09	-1.265684061300156e-02
2.653923923923924e+09	1.112657125970214e-02
2.653943943943944e+09	1.155155489795080e-03
2.653963963963964e+09	8.613163550502817e-03
2.653983983983984e+09	1.307839253188462e-03
2.654004004004004e+09	-8.968943896343149e-03
2.654024024024024e+09	-1.541689096849657e-02
2.654044044044044e+09	5.312848052843990e-03
2.654064064064064e+09	2.860331333073414e-04
2.654084084084084e+09	6.733980296626361e-03
2.654104104104104e+09	-3.073006404017487e-03
2.654124124124124e+09	3.445410098517741e-03
2.654144144144144e+09	7.779276175736392e-03
2.654164164164164e+09	-7.148485272867321e-03
2.654184184184184e+09	-5.903526399379607e-03
2.654204204204204e+09	-3.390118792224950e-03
2.654224224224224e+09	3.386685519619612e-03
2.654244244244244e+09	5.794388832258700e-03
2.654264264264264e+09	5.561658729201739e-04
2.654284284284284e+09	2.024277471981487e-03
2.654304304304304e+09	5.841368770436743e-03
2.654324324324324e+09	-4.740781706560367e-03
2.654344344344344e+09	-8.767113349838757e-04
2.654364364364364e+09	-6.020975253933019e-03
2.654384384384384e+09	-2.603210708231707e-03
2.654404404404405e+09	1.624951328344464e-03
2.654424424424425e+09	-3.049516818534760e-03
2.654444444444445e+09	-9.509208791525500e-03
2.654464464464465e+09	-1.647393178224897e-02
2.654484484484485e+09	-2.027927736833468e-02
2.654504504504505e+09	-1.687109054492890e-03
2.654524524524525e+09	-1.147060612093519e-02
2.654544544544545e+09	-1.640346207196753e-02
2.654564564564565e+09	-1.080114732422665e-02
2.654584584584585e+09	1.302924401808353e-02
2.654604604604605e+09	-3.481910817367723e-04
2.654624624624625e+09	-1.701419666090288e-02
2.654644644644645e+09	-2.648058190091502e-02
2.654664664664665e+09	-2.639836743115924e-02
2.654684684684685e+09	-1.889337960602993e-02
2.654704704704705e+09	-2.556448020059942e-02
2.654724724724725e+09	-3.782614998361785e-02
2.654744744744745e+09	-1.122396368736010e-02
2.654764764764765e+09	-8.992433534437794e-03
2.654784784784785e+09	-7.876668770698706e-03
2.654804804804805e+09	-1.810647153134047e-02
2.654824824824825e+09	-3.772044556846770e-02
2.654844844844845e+09	-3.264665079913874e-02
2.654864864864865e+09	-2.107793007704591e-02
2.654884884884885e+09	-1.773063538348440e-02
2.654904904904905e+09	-1.540514601522396e-02
2.654924924924925e+09	-3.485469145855963e-02
2.654944944944945e+09	-3.236477387308537e-02
2.654964964964965e+09	-1.807123732080653e-02
2.654984984984985e+09	-2.154772598390526e-02
2.655005005005005e+09	-1.655614592396238e-02
2.655025025025025e+09	-3.659293588603290e-02
2.655045045045045e+09	-4.575395369373748e-02
2.655065065065065e+09	-3.807279260200980e-02
2.655085085085085e+09	-3.574730357144533e-02
2.655105105105105e+09	-4.005767981738637e-02
2.655125125125125e+09	-3.362147762511410e-02
2.655145145145145e+09	-2.693863246649261e-02
2.655165165165165e+09	-3.851909855290870e-02
2.655185185185185e+09	-4.530764746948247e-02
2.655205205205205e+09	-3.803755791408282e-02
2.655225225225225e+09	-5.398712409808041e-02
2.655245245245245e+09	-3.380939600310563e-02
2.655265265265265e+09	-4.944185055061407e-02
2.655285285285285e+09	-4.508449436443397e-02
2.655305305305305e+09	-3.572381353594543e-02
2.655325325325325e+09	-3.944694526744869e-02
2.655345345345345e+09	-6.197365267088568e-02
2.655365365365366e+09	-5.395188998751003e-02
2.655385385385386e+09	-4.374557650223942e-02
2.655405405405406e+09	-4.050398587201774e-02
2.655425425425426e+09	-3.880097594023846e-02
2.655445445445446e+09	-5.446866483780267e-02
2.655465465465466e+09	-5.507939963512452e-02
2.655485485485486e+09	-3.570032343810244e-02
2.655505505505506e+09	-5.133277838372374e-02
2.655525525525526e+09	-6.169177536483322e-02
2.655545545545546e+09	-6.553235545052602e-02
2.655565565565566e+09	-5.557268525969405e-02
2.655585585585586e+09	-4.616502491730260e-02
2.655605605605606e+09	-5.028748256281845e-02
2.655625625625626e+09	-5.530255270841279e-02
2.655645645645646e+09	-6.138640778815910e-02
2.655665665665666e+09	-6.249042813492421e-02
2.655685685685686e+09	-7.941482039179459e-02
2.655705705705706e+09	-7.006588471748222e-02
2.655725725725726e+09	-7.816986171069595e-02
2.655745745745746e+09	-8.011951421987606e-02
2.655765765765766e+09	-7.765308648165428e-02
2.655785785785786e+09	-7.669000463389475e-02
2.655805805805806e+09	-7.742993363948504e-02
2.655825825825826e+09	-7.686617850858171e-02
2.655845845845846e+09	-8.057756477440511e-02
2.655865865865866e+09	-1.042200367999855e-01
2.655885885885886e+09	-1.006730785876967e-01
2.655905905905906e+09	-1.016596497369485e-01
2.655925925925926e+09	-1.048777505713107e-01
2.655945945945946e+09	-9.904053848076677e-02
2.655965965965966e+09	-1.101159733766857e-01
2.655985985985986e+09	-1.079901476454835e-01
2.656006006006006e+09	-1.156478186225488e-01
2.656026026026026e+09	-1.127115948843414e-01
2.656046046046046e+09	-1.316443639221004e-01
2.656066066066066e+09	-1.418271864591081e-01
2.656086086086086e+09	-1.403238403725666e-01
2.656106106106106e+09	-1.317618125952926e-01
2.656126126126126e+09	-1.156830533998522e-01
2.656146146146146e+09	-1.289782731522703e-01
2.656166166166166e+09	-1.467013175122485e-01
2.656186186186186e+09	-1.658337494406141e-01
2.656206206206206e+09	-1.578942008141213e-01
2.656226226226226e+09	-1.578707113918210e-01
2.656246246246246e+09	-1.687464829886518e-01
2.656266266266266e+09	-1.727632362913854e-01
2.656286286286286e+09	-1.657163004020770e-01
2.656306306306306e+09	-1.865752313004163e-01
2.656326326326326e+09	-1.874208634956742e-01
2.656346346346346e+09	-1.994241444419675e-01
2.656366366366366e+09	-2.069173861985146e-01
2.656386386386386e+09	-1.923302289431172e-01
2.656406406406406e+09	-2.093368342959588e-01
2.656426426426426e+09	-2.365027722977941e-01
2.656446446446446e+09	-2.241236549410078e-01
2.656466466466466e+09	-2.213636049977900e-01
2.656486486486486e+09	-2.274239696559046e-01
2.656506506506506e+09	-2.397326177135728e-01
2.656526526526526e+09	-2.394742295624979e-01
2.656546546546546e+09	-2.596167215065910e-01
2.656566566566566e+09	-2.619304654612734e-01
2.656586586586586e+09	-2.593230993900779e-01
2.656606606606606e+09	-2.611670473401104e-01
2.656626626626626e+09	-2.555177538154321e-01
2.656646646646646e+09	-2.667576163668243e-01
2.656666666666667e+09	-2.693532376261568e-01
2.656686686686687e+09	-2.853615266231245e-01
2.656706706706707e+09	-2.956030728073936e-01
2.656726726726727e+09	-3.009939785380139e-01
2.656746746746747e+09	-2.981986941894831e-01
2.656766766766767e+09	-3.039302017701036e-01
2.656786786786787e+09	-3.087338627220849e-01
2.656806806806807e+09	-3.094855358158673e-01
2.656826826826827e+09	-3.138311461722564e-01
2.656846846846847e+09	-3.136314830513769e-01
2.656866866866867e+09	-3.221465301232214e-01
2.656886886886887e+09	-3.289468227144523e-01
2.656906906906907e+09	-3.240609473081075e-01
2.656926926926927e+09	-3.282421292970549e-01
2.656946946946947e+09	-3.363930845652870e-01
2.656966966966967e+09	-3.330810252322326e-01
2.656986986986987e+09	-3.335860553906641e-01
2.657007007007007e+09	-3.452722232267330e-01
2.657027027027027e+09	-3.336917595125373e-01
2.657047047047047e+09	-3.459769169840104e-01
2.657067067067067e+09	-3.502990367977611e-01
2.657087087087087e+09	-3.549265246669067e-01
2.657107107107107e+09	-3.613862154930573e-01
2.657127127127127e+09	-3.359350337467902e-01
2.657147147147147e+09	-3.427705611821793e-01
2.657167167167167e+09	-3.326347188210521e-01
2.657187187187187e+09	-3.306380869536510e-01
2.657207207207207e+09	-3.437806217012359e-01
2.657227227227227e+09	-3.450255804879072e-01
2.657247247247247e+09	-3.418896942945130e-01
2.657267267267267e+09	-3.406095011660227e-01
2.657287287287287e+09	-3.301917814115941e-01
2.657307307307307e+09	-3.330692798872681e-01
2.657327327327327e+09	-3.273495174673903e-01
2.657347347347347e+09	-3.206784185410506e-01
2.657367367367367e+09	-3.165089817231962e-01
2.657387387387387e+09	-3.051399256805984e-01
2.657407407407407e+09	-2.973765518429019e-01
2.657427427427427e+09	-2.931483901781228e-01
2.657447447447447e+09	-2.637274338957266e-01
2.657467467467467e+09	-2.623532815401831e-01
2.657487487487487e+09	-2.723951648182297e-01
2.657507507507507e+09	-2.451352685600405e-01
2.657527527527527e+09	-2.309239478808892e-01
2.657547547547547e+09	-2.407896582572182e-01
2.657567567567567e+09	-2.306890498962019e-01
2.657587587587587e+09	-2.097596505246230e-01
2.657607607607608e+09	-2.050969280821706e-01
2.657627627627628e+09	-1.776726019645944e-01
2.657647647647648e+09	-1.654344230192492e-01
2.657667667667668e+09	-1.608891492207306e-01
2.657687687687688e+09	-1.642364437542526e-01
2.657707707707708e+09	-1.428724824317352e-01
2.657727727727728e+09	-1.304228948686791e-01
2.657747747747748e+09	-1.153541961784532e-01
2.657767767767768e+09	-9.321507101363882e-02
2.657787787787788e+09	-9.308587727985243e-02
2.657807807807808e+09	-8.179903401818919e-02
2.657827827827828e+09	-5.423376751470865e-02
2.657847847847848e+09	-4.392174986392584e-02
2.657867867867868e+09	-2.605776554772415e-02
2.657887887887888e+09	-2.066685873275698e-02
2.657907907907908e+09	-2.990792141922525e-03
2.657927927927928e+09	-2.039455844359302e-03
2.657947947947948e+09	2.984793337752552e-02
2.657967967967968e+09	3.693010521874549e-02
2.657987987987988e+09	5.184612221986483e-02
2.658008008008008e+09	6.584603760767471e-02
2.658028028028028e+09	7.364464749589923e-02
2.658048048048048e+09	9.112105215266249e-02
2.658068068068068e+09	9.765121394717886e-02
2.658088088088088e+09	1.116746197513004e-01
2.658108108108108e+09	1.160437208307044e-01
2.658128128128128e+09	1.336375743774491e-01
2.658148148148148e+09	1.407432363249055e-01
2.658168168168168e+09	1.389462676165456e-01
2.658188188188188e+09	1.608857334287403e-01
2.658208208208208e+09	1.479546024801354e-01
2.658228228228228e+09	1.635283346455409e-01
2.658248248248248e+09	1.710920483447436e-01
2.658268268268268e+09	1.904006576485357e-01
2.658288288288288e+09	1.876523516807151e-01
2.658308308308308e+09	1.999140232176765e-01
2.658328328328328e+09	1.895197904013289e-01
2.658348348348348e+09	1.899895855839680e-01
2.658368368368368e+09	2.030381658195391e-01
2.658388388388388e+09	2.070784100918887e-01
2.658408408408409e+09	2.134676339714141e-01
2.658428428428429e+09	2.067730431139431e-01
2.658448448448449e+09	1.882513410808640e-01
2.658468468468469e+09	1.932194329304615e-01
2.658488488488489e+09	2.226638878706049e-01
2.658508508508509e+09	2.108132871730682e-01
2.658528528528529e+09	2.157343991683828e-01
2.658548548548549e+09	2.010885133132246e-01
2.658568568568569e+09	2.096270525510050e-01
2.658588588588589e+09	2.013469005265046e-01
2.658608608608609e+09	1.872530249512438e-01
2.658628628628629e+09	1.978586664461773e-01
2.658648648648649e+09	1.931372180223116e-01
2.658668668668669e+09	1.729125068574724e-01
2.658688688688689e+09	1.645149059670170e-01
2.658708708708709e+09	1.585250089369488e-01
2.658728728728729e+09	1.479076228225042e-01
2.658748748748749e+09	1.401442470223175e-01
2.658768768768769e+09	1.242886372123274e-01
2.658788788788789e+09	1.248876291647650e-01
2.658808808808809e+09	1.090202731900592e-01
2.658828828828829e+09	1.040756718369689e-01
2.658848848848849e+09	8.733919572385308e-02
2.658868868868869e+09	7.620503526361391e-02
2.658888888888889e+09	6.679737391050075e-02
2.658908908908909e+09	6.391987434009284e-02
2.658928928928929e+09	5.529912145585187e-02
2.658948948948949e+09	2.653587346880353e-02
2.658968968968969e+09	2.827411750160019e-02
2.658988988988989e+09	1.115006128945513e-02
2.659009009009009e+09	6.369888941213803e-03
2.659029029029029e+09	-1.661487029380786e-02
2.659049049049049e+09	-1.910478792835452e-02
2.659069069069069e+09	-4.528415800821525e-02
2.659089089089089e+09	-5.044016644597936e-02
2.659109109109109e+09	-6.569678388114630e-02
2.659129129129129e+09	-8.647350182068014e-02
2.659149149149149e+09	-8.068326931002988e-02
2.659169169169169e+09	-9.056072503625727e-02
2.659189189189189e+09	-1.167283483041303e-01
2.659209209209209e+09	-1.106679833050137e-01
2.659229229229229e+09	-1.181847157740312e-01
2.659249249249249e+09	-1.282148548962605e-01
2.659269269269269e+09	-1.309983947798795e-01
2.659289289289289e+09	-1.443758287638565e-01
2.659309309309309e+09	-1.586341298213510e-01
2.659329329329329e+09	-1.432483189185103e-01
2.659349349349349e+09	-1.679595749143375e-01
2.659369369369370e+09	-1.832749161048877e-01
2.659389389389390e+09	-1.634260464492932e-01
2.659409409409410e+09	-1.527734277448005e-01
2.659429429429430e+09	-1.800568150889312e-01
2.659449449449450e+09	-2.010097050606359e-01
2.659469469469470e+09	-1.753471128603453e-01
2.659489489489490e+09	-1.827816304028200e-01
2.659509509509510e+09	-1.913671458163823e-01
2.659529529529530e+09	-1.869275778749478e-01
2.659549549549550e+09	-1.835920283093171e-01
2.659569569569570e+09	-1.917194945411835e-01
2.659589589589590e+09	-1.836155180569330e-01
2.659609609609610e+09	-1.835920281484796e-01
2.659629629629630e+09	-1.816071412369776e-01
2.659649649649650e+09	-1.860349658491806e-01
2.659669669669670e+09	-1.658689840934918e-01
2.659689689689690e+09	-1.534663763247806e-01
2.659709709709710e+09	-1.602079454673866e-01
2.659729729729730e+09	-1.474764807993155e-01
2.659749749749750e+09	-1.542885187236752e-01
2.659769769769770e+09	-1.486627146180065e-01
2.659789789789790e+09	-1.547583144015506e-01
2.659809809809810e+09	-1.290839772932940e-01
2.659829829829830e+09	-1.340168326242060e-01
2.659849849849850e+09	-1.063458626089062e-01
2.659869869869870e+09	-9.088958223028484e-02
2.659889889889890e+09	-9.624525334480638e-02
2.659909909909910e+09	-8.027219798806598e-02
2.659929929929930e+09	-5.724046016087448e-02
2.659949949949950e+09	-5.941326551483946e-02
2.659969969969970e+09	-4.843178969945409e-02
2.659989989989990e+09	-3.082619285546267e-02
2.660010010010010e+09	-2.286315438371755e-02
2.660030030030030e+09	-6.572985441133708e-03
2.660050050050050e+09	-7.242444127087212e-03
2.660070070070070e+09	9.000745266336287e-03
2.660090090090090e+09	2.991840296033279e-02
2.660110110110110e+09	3.324220836046064e-02
2.660130130130130e+09	4.266161436028364e-02
2.660150150150150e+09	4.472871561482732e-02
2.660170170170170e+09	6.234605847598242e-02
2.660190190190190e+09	7.816643259079477e-02
2.660210210210210e+09	9.117977659020292e-02
2.660230230230230e+09	9.499686769449804e-02
2.660250250250250e+09	1.022199785629394e-01
2.660270270270270e+09	1.040169472842369e-01
2.660290290290290e+09	1.375133902282419e-01
2.660310310310310e+09	1.558824073194855e-01
2.660330330330330e+09	1.489764083607229e-01
2.660350350350350e+09	1.419059811831363e-01
2.660370370370370e+09	1.566223358949410e-01
2.660390390390390e+09	1.693772929598318e-01
2.660410410410410e+09	1.792195162297391e-01
2.660430430430430e+09	1.855617599970720e-01
2.660450450450450e+09	1.887798616917562e-01
2.660470470470470e+09	2.014995843614147e-01
2.660490490490490e+09	1.980348399550122e-01
2.660510510510510e+09	2.000079824822681e-01
2.660530530530530e+09	2.013703904046733e-01
2.660550550550550e+09	1.999844928157477e-01
2.660570570570570e+09	2.067143186068280e-01
2.660590590590590e+09	2.164860723153006e-01
2.660610610610610e+09	2.171790211888578e-01
2.660630630630630e+09	2.083351142419376e-01
2.660650650650651e+09	2.058099613597450e-01
2.660670670670671e+09	1.972949115242697e-01
2.660690690690691e+09	1.978234316744410e-01
2.660710710710711e+09	2.080532365750341e-01
2.660730730730731e+09	1.955684120106070e-01
2.660750750750751e+09	1.928083610065907e-01
2.660770770770771e+09	1.963905544875531e-01
2.660790790790791e+09	1.818738626652190e-01
2.660810810810811e+09	1.694360176310897e-01
2.660830830830831e+09	1.865130967217435e-01
2.660850850850851e+09	1.754141697042219e-01
2.660870870870871e+09	1.598169478374080e-01
2.660890890890891e+09	1.699527930507849e-01
2.660910910910911e+09	1.414244401788930e-01
2.660930930930931e+09	1.289043815291794e-01
2.660950950950951e+09	1.145521188005409e-01
2.660970970970971e+09	1.048038554254932e-01
2.660990990990991e+09	9.105058308600822e-02
2.661011011011011e+09	7.464296375263710e-02
2.661031031031031e+09	8.210097248924343e-02
2.661051051051051e+09	7.079063833081149e-02
2.661071071071071e+09	5.814138589099090e-02
2.661091091091091e+09	4.478744011562504e-02
2.661111111111111e+09	3.202073918045571e-02
2.661131131131131e+09	1.986477285610143e-02
2.661151151151151e+09	6.240694852898693e-03
2.661171171171171e+09	-4.656396917231469e-04
2.661191191191191e+09	-8.767115346376404e-04
2.661211211211211e+09	-6.373322048574404e-03
2.661231231231231e+09	-3.718018064071357e-02
2.661251251251251e+09	-4.731602434398318e-02
2.661271271271271e+09	-6.031762265174821e-02
2.661291291291291e+09	-7.313130230068046e-02
2.661311311311311e+09	-6.792831405167581e-02
2.661331331331331e+09	-8.497015553453524e-02
2.661351351351351e+09	-9.524693796496857e-02
2.661371371371371e+09	-1.138156152230850e-01
2.661391391391391e+09	-1.136042070873248e-01
2.661411411411411e+09	-1.151310429707128e-01
2.661431431431431e+09	-1.193004807716305e-01
2.661451451451451e+09	-1.238692441295567e-01
2.661471471471471e+09	-1.285906916349271e-01
2.661491491491491e+09	-1.319262412817266e-01
2.661511511511511e+09	-1.472180930351774e-01
2.661531531531531e+09	-1.501660614020967e-01
2.661551551551551e+09	-1.389379427891714e-01
2.661571571571571e+09	-1.536190601287664e-01
2.661591591591591e+09	-1.663387797723277e-01
2.661611611611612e+09	-1.625451792039434e-01
2.661631631631632e+09	-1.536425497953232e-01
2.661651651651652e+09	-1.424966456481833e-01
2.661671671671672e+09	-1.497902247580167e-01
2.661691691691692e+09	-1.522918871267431e-01
2.661711711711712e+09	-1.485452658505103e-01
2.661731731731732e+09	-1.484160721931712e-01
2.661751751751752e+09	-1.293775994563797e-01
2.661771771771772e+09	-1.378221779788801e-01
2.661791791791792e+09	-1.379748616365463e-01
2.661811811811812e+09	-1.302349767088858e-01
2.661831831831832e+09	-1.323138226775670e-01
2.661851851851852e+09	-1.244917236112773e-01
2.661871871871872e+09	-1.049951997803299e-01
2.661891891891892e+09	-1.125001864364096e-01
2.661911911911912e+09	-9.263957136001331e-02
2.661931931931932e+09	-9.101877585677216e-02
2.661951951951952e+09	-8.404230891139511e-02
2.661971971971972e+09	-7.323700598456551e-02
2.661991991991992e+09	-5.344685920070705e-02
2.662012012012012e+09	-4.355765833408547e-02
2.662032032032032e+09	-3.713320104702673e-02
2.662052052052052e+09	-2.171215448211400e-02
2.662072072072072e+09	-7.477342308886336e-03
2.662092092092092e+09	-1.581405164580971e-03
2.662112112112112e+09	1.064503013408223e-02
2.662132132132132e+09	2.702915901440454e-02
2.662152152152152e+09	2.738150564565468e-02
2.662172172172172e+09	5.124713226896056e-02
2.662192192192192e+09	6.940474060427236e-02
2.662212212212212e+09	7.642818843092239e-02
2.662232232232232e+09	9.209587831567942e-02
2.662252252252252e+09	1.065538450764735e-01
2.662272272272272e+09	1.201074545717413e-01
2.662292292292292e+09	1.332969724772422e-01
2.662312312312312e+09	1.494344594307570e-01
2.662332332332332e+09	1.648907426947666e-01
2.662352352352352e+09	1.690132010093600e-01
2.662372372372372e+09	1.896724736411136e-01
2.662392392392392e+09	1.947580136685790e-01
2.662412412412413e+09	2.079475329896423e-01
2.662432432432433e+09	2.260933978149078e-01
2.662452452452453e+09	2.417845799714327e-01
2.662472472472473e+09	2.516620382821588e-01
2.662492492492493e+09	2.648045775981968e-01
2.662512512512513e+09	2.630193533684969e-01
2.662532532532533e+09	2.573700578367349e-01
2.662552552552553e+09	2.844537904967899e-01
2.662572572572573e+09	2.985006875567330e-01
2.662592592592593e+09	3.065341973374940e-01
2.662612612612613e+09	3.202287479143863e-01
2.662632632632633e+09	3.224250440059211e-01
2.662652652652653e+09	3.311867371190100e-01
2.662672672672673e+09	3.253730129585004e-01
2.662692692692693e+09	3.419215737838552e-01
2.662712712712713e+09	3.507537367459544e-01
2.662732732732733e+09	3.639902365950368e-01
2.662752752752753e+09	3.565204817546167e-01
2.662772772772773e+09	3.593157675433423e-01
2.662792792792793e+09	3.632855429380223e-01
2.662812812812813e+09	3.676898799503484e-01
2.662832832832833e+09	3.773324409460311e-01
2.662852852852853e+09	3.716361656271117e-01
2.662872872872873e+09	3.742552778240365e-01
2.662892892892893e+09	3.896176043356071e-01
2.662912912912913e+09	3.827350941973517e-01
2.662932932932933e+09	3.706495937644089e-01
2.662952952952953e+09	3.787418288736621e-01
2.662972972972973e+09	3.795522262720419e-01
2.662992992992993e+09	3.767686853983999e-01
2.663013013013013e+09	3.770153285972919e-01
2.663033033033033e+09	3.795992065035763e-01
2.663053053053053e+09	3.620053490728878e-01
2.663073073073073e+09	3.599734816796276e-01
2.663093093093093e+09	3.539248592988568e-01
2.663113113113113e+09	3.568493389887148e-01
2.663133133133133e+09	3.394081657761920e-01
2.663153153153153e+09	3.538778796018437e-01
2.663173173173173e+09	3.471597982738716e-01
2.663193193193193e+09	3.457739002936743e-01
2.663213213213213e+09	3.325726353015677e-01
2.663233233233233e+09	3.222958496737811e-01
2.663253253253253e+09	3.053949426099414e-01
2.663273273273273e+09	3.153781053582453e-01
2.663293293293293e+09	3.060526567628171e-01
2.663313313313313e+09	2.886349738520241e-01
2.663333333333333e+09	2.872960555095096e-01
2.663353353353354e+09	2.818699134908658e-01
2.663373373373374e+09	2.768196076725549e-01
2.663393393393394e+09	2.409741816529671e-01
2.663413413413414e+09	2.514153950100168e-01
2.663433433433434e+09	2.372393049848701e-01
2.663453453453454e+09	2.505345277944969e-01
2.663473473473474e+09	2.322007438550481e-01
2.663493493493494e+09	2.231101944135489e-01
2.663513513513514e+09	2.200212862603571e-01
2.663533533533534e+09	2.159458068647375e-01
2.663553553553554e+09	2.068552572127431e-01
2.663573573573574e+09	1.874174533141041e-01
2.663593593593594e+09	1.897546878139799e-01
2.663613613613614e+09	1.889795247711081e-01
2.663633633633634e+09	1.773638225180360e-01
2.663653653653654e+09	1.756960475893635e-01
2.663673673673674e+09	1.649377224087716e-01
2.663693693693694e+09	1.556827440261316e-01
2.663713713713714e+09	1.480485620114593e-01
2.663733733733734e+09	1.452180417720171e-01
2.663753753753754e+09	1.551189891581234e-01
2.663773773773774e+09	1.431509401330870e-01
2.663793793793794e+09	1.271896266194709e-01
2.663813813813814e+09	1.292332385403891e-01
2.663833833833834e+09	1.193792707744911e-01
2.663853853853854e+09	1.182165259134773e-01
2.663873873873874e+09	1.246762188443635e-01
2.663893893893894e+09	1.120269662308476e-01
2.663913913913914e+09	9.184923558446315e-02
2.663933933933934e+09	7.601711648251688e-02
2.663953953953954e+09	8.771503236631649e-02
2.663973973973974e+09	7.513624940843540e-02
2.663993993993994e+09	8.324022730512401e-02
2.664014014014014e+09	7.653389208261550e-02
2.664034034034034e+09	6.712623090456070e-02
2.664054054054054e+09	4.882768437009444e-02
2.664074074074074e+09	6.598697592397830e-02
2.664094094094094e+09	7.184767881921315e-02
2.664114114114114e+09	5.754239632719305e-02
2.664134134134134e+09	4.939143910629601e-02
2.664154154154154e+09	3.555595260632340e-02
2.664174174174174e+09	3.482776909025764e-02
2.664194194194194e+09	4.243846102603589e-02
2.664214214214214e+09	4.407100187149919e-02
2.664234234234234e+09	3.391166718771445e-02
2.664254254254254e+09	1.916007934893191e-02
2.664274274274274e+09	1.695203902917987e-02
2.664294294294294e+09	2.328253740823038e-02
2.664314314314314e+09	2.980095394837667e-02
2.664334334334334e+09	1.591848833647632e-02
2.664354354354354e+09	1.376917231069218e-02
2.664374374374374e+09	7.626592344628349e-03
2.664394394394394e+09	6.853596343450606e-04
2.664414414414414e+09	3.856481074989698e-03
2.664434434434434e+09	4.387167410443665e-04
2.664454454454454e+09	8.848061415631454e-03
2.664474474474474e+09	-2.542320852659863e-04
2.664494494494494e+09	-2.438782193099512e-03
2.664514514514514e+09	1.149066289805468e-02
2.664534534534534e+09	7.239011028446186e-03
2.664554554554554e+09	-2.861598547489232e-03
2.664574574574574e+09	-1.161154524654763e-02
2.664594594594594e+09	-4.494138752171222e-03
2.664614614614614e+09	-3.107863756526978e-05
2.664634634634634e+09	-5.739097967138273e-03
2.664654654654655e+09	-9.767596681785489e-03
2.664674674674675e+09	-1.350247299130413e-02
2.664694694694695e+09	1.378308311807191e-03
2.664714714714715e+09	1.731613084902348e-02
2.664734734734735e+09	2.646757046302353e-03
2.664754754754755e+09	3.926950736519134e-03
2.664774774774775e+09	-1.217312968835899e-03
2.664794794794795e+09	-2.189972576985426e-04
2.664814814814815e+09	3.292726112143643e-03
2.664834834834835e+09	1.205441768772711e-02
2.664854854854855e+09	9.423561195775639e-03
2.664874874874875e+09	2.160301747190770e-02
2.664894894894895e+09	1.554481713946401e-03
2.664914914914915e+09	-2.180394716916063e-03
2.664934934934935e+09	2.012532667397374e-03
2.664954954954955e+09	1.301749959562214e-02
2.664974974974975e+09	4.995735828417775e-03
2.664994994994995e+09	1.005778564582195e-02
2.665015015015015e+09	-8.334719428573369e-03
2.665035035035035e+09	-3.895149272160468e-03
2.665055055055055e+09	2.157952772200476e-02
2.665075075075075e+09	3.280764738514642e-02
2.665095095095095e+09	2.809794460146791e-02
2.665115115115115e+09	3.251402485997631e-02
2.665135135135135e+09	1.026919393361948e-02
2.665155155155155e+09	8.683632867867342e-03
2.665175175175175e+09	1.138495865822983e-02
2.665195195195195e+09	3.792842134066841e-02
2.665215215215215e+09	4.006599235156220e-02
2.665235235235235e+09	3.646030928319292e-02
2.665255255255255e+09	3.300731047690585e-02
2.665275275275275e+09	1.156113224735513e-02
2.665295295295295e+09	1.629432481783353e-02
2.665315315315315e+09	1.784465085200135e-02
2.665335335335335e+09	3.315999425181256e-02
2.665355355355355e+09	4.080592086470803e-02
2.665375375375375e+09	5.364309090332233e-02
2.665395395395395e+09	4.321362422924430e-02
2.665415415415415e+09	3.210295350100224e-02
2.665435435435435e+09	3.641332994644426e-02
2.665455455455455e+09	4.754749044883766e-02
2.665475475475475e+09	4.935620429513475e-02
2.665495495495495e+09	4.492837905582119e-02
2.665515515515515e+09	4.620857224867819e-02
2.665535535535535e+09	5.050720393468338e-02
2.665555555555555e+09	4.531596019464383e-02
2.665575575575575e+09	4.835788820079813e-02
2.665595595595595e+09	5.225719336852432e-02
2.665615615615616e+09	5.306759120008770e-02
2.665635635635636e+09	5.582764186759536e-02
2.665655655655656e+09	4.300221623504690e-02
2.665675675675676e+09	5.061290782974707e-02
2.665695695695696e+09	6.212290538264725e-02
2.665715715715716e+09	3.744688065990157e-02
2.665735735735736e+09	3.927908454052031e-02
2.665755755755756e+09	4.945016348361346e-02
2.665775775775776e+09	3.020028059460705e-02
2.665795795795796e+09	4.174551220951864e-02
2.665815815815816e+09	4.001901254632186e-02
2.665835835835836e+09	3.050564745844192e-02
2.665855855855856e+09	3.611970760209623e-02
2.665875875875876e+09	5.057767364278388e-02
2.665895895895896e+09	3.339489207457066e-02
2.665915915915916e+09	3.914989046610300e-02
2.665935935935936e+09	5.374879513096818e-02
2.665955955955956e+09	2.190838441819108e-02
2.665975975975976e+09	1.015174495966076e-02
2.665995995995996e+09	2.571373055516472e-02
2.666016016016016e+09	3.157443292817252e-02
2.666036036036036e+09	2.371709818745336e-02
2.666056056056056e+09	3.325395349752815e-02
2.666076076076076e+09	3.076403521953110e-02
2.666096096096096e+09	3.388817749420118e-02
2.666116116116116e+09	3.354757585227227e-02
2.666136136136136e+09	3.238483094522813e-02
2.666156156156156e+09	4.373039928187033e-02
2.666176176176176e+09	4.155759377592037e-02
2.666196196196196e+09	3.480427905369573e-02
2.666216216216216e+09	2.881438285720377e-02
2.666236236236236e+09	3.424052451653533e-02
2.666256256256256e+09	3.412307554055288e-02
2.666276276276276e+09	3.224389215528704e-02
2.666296296296296e+09	2.627748560569597e-02
2.666316316316316e+09	2.795700579946846e-02
2.666336336336336e+09	2.418689414261327e-02
2.666356356356356e+09	2.423387379471456e-02
2.666376376376376e+09	3.409958572885140e-02
2.666396396396396e+09	2.284797620765331e-02
2.666416416416417e+09	7.086327302238954e-03
2.666436436436437e+09	1.749230430889616e-02
2.666456456456457e+09	7.285990504868285e-03
2.666476476476477e+09	1.527251895479212e-02
2.666496496496497e+09	1.412151915105913e-02
2.666516516516517e+09	6.487337878504996e-03
2.666536536536537e+09	2.021711975549489e-02
2.666556556556557e+09	-1.816302906025366e-03
2.666576576576577e+09	8.096388166365182e-03
2.666596596596597e+09	6.675256095764808e-03
2.666616616616617e+09	5.561659724097190e-04
2.666636636636637e+09	1.292354032114370e-02
2.666656656656657e+09	2.546708842235844e-02
2.666676676676677e+09	1.257119325839217e-02
2.666696696696697e+09	1.299400938632023e-02
2.666716716716717e+09	1.486144771616557e-02
2.666736736736737e+09	3.480644566176419e-03
2.666756756756757e+09	1.514332509922740e-02
2.666776776776777e+09	7.896725139488988e-03
2.666796796796797e+09	-8.921964413305058e-03
2.666816816816817e+09	3.480644616971371e-03
2.666836836836837e+09	2.000787838149304e-03
2.666856856856857e+09	-2.732404587290658e-03
2.666876876876877e+09	1.266515233909108e-02
2.666896896896897e+09	5.042715605955935e-03
2.666916916916917e+09	2.705481577729486e-03
2.666936936936937e+09	7.603102823127915e-03
2.666956956956957e+09	7.356459632368223e-03
2.666976976976977e+09	9.435306443075192e-03
2.666996996996997e+09	7.109816953162310e-03
2.667017017017017e+09	1.084469350268090e-02
2.667037037037037e+09	6.569552153359227e-03
2.667057057057057e+09	2.611522143426974e-03
2.667077077077077e+09	7.685316921854259e-03
2.667097097097097e+09	-3.495822908045433e-03
2.667117117117117e+09	2.435349001713392e-03
2.667137137137137e+09	1.805605915108230e-02
2.667157157157157e+09	1.590058045144608e-05
2.667177177177177e+09	9.764163344190748e-03
2.667197197197197e+09	-5.351516183847804e-03
2.667217217217217e+09	1.123227504531886e-02
2.667237237237237e+09	1.988826262826560e-02
2.667257257257257e+09	4.478960376639894e-03
2.667277277277277e+09	1.683675721569329e-03
2.667297297297297e+09	-4.000853402915884e-03
2.667317317317317e+09	-7.723985014711617e-03
2.667337337337337e+09	-1.064846371435094e-02
2.667357357357358e+09	-4.834741015688641e-03
2.667377377377378e+09	2.411859191035564e-03
2.667397397397398e+09	-1.640129542429101e-03
2.667417417417418e+09	-1.323017288182682e-03
2.667437437437438e+09	2.153471491854520e-03
2.667457457457458e+09	6.266350589305369e-04
2.667477477477478e+09	2.400114608608851e-03
2.667497497497498e+09	-2.579720974094515e-03
2.667517517517518e+09	5.489021242671271e-03
2.667537537537538e+09	3.410175263904890e-03
2.667557557557558e+09	2.576287643547702e-03
2.667577577577578e+09	-1.041140096618939e-03
2.667597597597598e+09	6.698745639594107e-03
2.667617617617618e+09	9.822887546449697e-03
2.667637637637638e+09	1.830270192677192e-02
2.667657657657658e+09	1.145542828259446e-02
2.667677677677678e+09	8.530949498975701e-03
2.667697697697698e+09	9.047724952408511e-03
2.667717717717718e+09	2.881655131101741e-03
2.667737737737738e+09	-8.557872626781640e-03
2.667757757757758e+09	-3.366629021287201e-03
2.667777777777778e+09	1.216046770647558e-04
2.667797797797798e+09	1.038664257793147e-02
2.667817817817818e+09	1.279434613208905e-02
2.667837837837838e+09	1.344031536905184e-02
2.667857857857858e+09	-1.955074818998197e-04
2.667877877877878e+09	-6.103189385803238e-03
2.667897897897898e+09	-1.379609561498551e-02
2.667917917917918e+09	4.856965904911032e-04
2.667937937937938e+09	8.732778909539928e-04
2.667957957957958e+09	-5.833056958749029e-03
2.667977977977978e+09	1.147891785982430e-02
2.667997997997998e+09	1.131665594230238e-03
2.668018018018018e+09	-9.908535641277440e-03
2.668038038038038e+09	-2.567976288360543e-03
2.668058058058058e+09	-8.769280668179147e-03
2.668078078078078e+09	9.435306203031022e-03
2.668098098098098e+09	1.065677527726511e-02
2.668118118118118e+09	5.301103047705859e-03
2.668138138138138e+09	1.564835596356833e-02
2.668158158158158e+09	7.438674276417290e-03
2.668178178178178e+09	8.260816669440231e-03
2.668198198198198e+09	-7.982372720687074e-03
2.668218218218218e+09	-3.671996036106274e-03
2.668238238238238e+09	4.596409486001741e-03
2.668258258258258e+09	-6.232383514469317e-03
2.668278278278278e+09	-8.649666025728664e-04
2.668298298298298e+09	2.977786016143833e-04
2.668318318318318e+09	7.156796757678797e-03
2.668338338338338e+09	3.527624445474592e-03
2.668358358358358e+09	-2.838108945704963e-03
2.668378378378378e+09	1.106784679539639e-02
2.668398398398398e+09	-3.951703887409281e-04
2.668418418418418e+09	1.284132571439493e-02
2.668438438438438e+09	7.015857959203058e-03
2.668458458458458e+09	-9.354358786246496e-04
2.668478478478478e+09	-2.614955332504896e-03
2.668498498498498e+09	-5.891781336567229e-03
2.668518518518518e+09	-7.665260611039085e-03
2.668538538538538e+09	3.010848756425363e-03
2.668558558558558e+09	-2.908577977730805e-03
2.668578578578578e+09	-2.609300025887534e-02
2.668598598598598e+09	-5.633393770821268e-03
2.668618618618618e+09	-1.720177115750781e-04
2.668638638638638e+09	5.770899089090053e-03
2.668658658658659e+09	1.638828387992250e-02
2.668678678678679e+09	1.623560017346291e-02
2.668698698698699e+09	-1.463956221898705e-03
2.668718718718719e+09	-5.539434378084710e-03
2.668738738738739e+09	9.554923680305706e-04
2.668758758758759e+09	-4.421503292936938e-04
2.668778778778779e+09	5.265868601064201e-03
2.668798798798799e+09	9.270877685476516e-03
2.668818818818819e+09	-8.886729688370714e-03
2.668838838838839e+09	-3.507567695297851e-03
2.668858858858859e+09	1.495540679990721e-02
2.668878878878879e+09	1.075073494243004e-02
2.668898898898899e+09	3.093063357918595e-03
2.668918918918919e+09	9.437473061934647e-04
2.668938938938939e+09	2.200450778109963e-03
2.668958958958959e+09	4.490705606258215e-03
2.668978978978979e+09	-4.773849991439649e-04
2.668998998998999e+09	3.821246501316000e-03
2.669019019019019e+09	-1.367824481852567e-04
2.669039039039039e+09	-1.088336179634472e-02
2.669059059059059e+09	-8.851495146237596e-03
2.669079079079079e+09	-1.595715635533027e-02
2.669099099099099e+09	-1.482964652308227e-02
2.669119119119119e+09	6.416868035027398e-03
2.669139139139139e+09	2.153471608891631e-03
2.669159159159159e+09	-5.633393650632425e-03
2.669179179179179e+09	3.363195615817774e-03
2.669199199199199e+09	-1.370213649821854e-02
2.669219219219219e+09	-8.980353455882122e-05
2.669239239239239e+09	2.094747119168199e-03
2.669259259259259e+09	-2.321333349533804e-03
2.669279279279279e+09	-1.055450455750735e-02
2.669299299299299e+09	1.362823395353338e-02
2.669319319319319e+09	8.765847262950566e-03
2.669339339339339e+09	2.860332974679768e-04
2.669359359359359e+09	-6.126679427851457e-03
2.669379379379379e+09	-4.729036825601115e-03
2.669399399399399e+09	9.963826575278742e-03
2.669419419419419e+09	4.713858981862209e-03
2.669439439439439e+09	2.423604250375287e-03
2.669459459459459e+09	5.324593109387331e-03
2.669479479479479e+09	6.123245627941555e-03
2.669499499499499e+09	-9.239076142947654e-03
2.669519519519519e+09	-4.130047344933678e-03
2.669539539539539e+09	7.004113127515726e-03
2.669559559559559e+09	-1.083638184822782e-02
2.669579579579579e+09	1.385138677575728e-02
2.669599599599600e+09	1.086818378883655e-02
2.669619619619620e+09	5.091861808000805e-04
2.669639639639640e+09	-1.430112613683518e-02
2.669659659659660e+09	1.301749923683929e-02
2.669679679679680e+09	1.805605885701269e-02
2.669699699699700e+09	7.205945053163221e-04
2.669719719719720e+09	-2.474016843422295e-03
2.669739739739740e+09	-3.906894040327603e-03
2.669759759759760e+09	1.002471801634660e-03
2.669779779779780e+09	6.369888834132940e-03
2.669799799799800e+09	1.015174503407281e-02
2.669819819819820e+09	-3.554547546531897e-03
2.669839839839840e+09	-8.297318155842387e-04
2.669859859859860e+09	3.069573251898414e-03
2.669879879879880e+09	8.507459322019540e-03
2.669899899899900e+09	5.042715561460613e-03
2.669919919919920e+09	1.796209979358488e-02
2.669939939939940e+09	1.784465068967412e-02
2.669959959959960e+09	7.462505711541735e-05
2.669979979979980e+09	-6.396811953841856e-03
2.670000000000000e+09	-1.475701092405976e-03
