# [General]
# timestamp=2024-05-29T13:03:55.767923
# comments='# '
# delimiter='\t'
# column_dtypes=float;;float
# column_headers='Frequency (Hz);;ai0 (V)'
# 
# [Metadata]
# microwave cw power (dbm)=13.0
# microwave scan power (dbm)=13.0
# approx. run time (s)=601.2057962417603
# number of frequency sweeps (#)=281
# start frequencies (hz)=(2600000000.0,)
# stop frequencies (hz)=(2620000000.0,)
# step sizes (hz)=(1000,)
# data rate (hz)=500.0
# oversampling factor (hz)=1
# averaged scans (#)=0
# 
# ---- END HEADER ----
2.600000000000000e+09	1.788000456562364e-03
2.600020020020020e+09	7.599758977366586e-03
2.600040040040040e+09	5.694494676520585e-03
2.600060060060060e+09	2.192927723676336e-03
2.600080080080080e+09	5.591507300166165e-03
2.600100100100100e+09	1.397117081539557e-03
2.600120120120120e+09	4.469180270013427e-03
2.600140140140140e+09	-4.310483910893058e-03
2.600160160160160e+09	4.843679385485396e-03
2.600180180180180e+09	-3.700507497839263e-04
2.600200200200200e+09	4.720796846210931e-03
2.600220220220220e+09	7.325906422588770e-03
2.600240240240240e+09	8.804007728117569e-03
2.600260260260260e+09	3.660496118586780e-03
2.600280280280280e+09	3.428774768727697e-03
2.600300300300300e+09	2.092281011478053e-03
2.600320320320320e+09	4.336935255373289e-03
2.600340340340340e+09	2.122709159334778e-03
2.600360360360360e+09	1.942481349332723e-03
2.600380380380380e+09	2.675095344097995e-03
2.600400400400401e+09	8.763291335929344e-04
2.600420420420421e+09	5.197112995371507e-03
2.600440440440441e+09	3.965947071360445e-03
2.600460460460461e+09	2.127390274245364e-03
2.600480480480481e+09	3.436967046007378e-03
2.600500500500501e+09	4.097021679532090e-03
2.600520520520521e+09	-3.006758733126118e-03
2.600540540540541e+09	-3.478148852361632e-04
2.600560560560561e+09	3.480268437297433e-03
2.600580580580581e+09	3.504844882613789e-03
2.600600600600601e+09	6.004626618993659e-03
2.600620620620621e+09	2.981960845213447e-04
2.600640640640641e+09	-7.468906189716919e-04
2.600660660660661e+09	1.917904810343078e-03
2.600680680680681e+09	-7.937029384623674e-04
2.600700700700701e+09	2.107495062460780e-03
2.600720720720721e+09	1.730655270959964e-03
2.600740740740741e+09	5.630127580595602e-03
2.600760760760761e+09	4.372044543827767e-03
2.600780780780781e+09	6.807459213617929e-03
2.600800800800801e+09	4.903365146535623e-03
2.600820820820821e+09	4.022121903747284e-03
2.600840840840841e+09	7.472195203517321e-03
2.600860860860861e+09	5.695664934899125e-03
2.600880880880881e+09	1.377221726441328e-03
2.600900900900901e+09	2.676265537968592e-03
2.600920920920921e+09	1.308173420663093e-03
2.600940940940941e+09	1.483719997325634e-03
2.600960960960961e+09	-3.572018361337124e-03
2.600980980980981e+09	-2.480939970126704e-05
2.601001001001001e+09	1.804384805592092e-03
2.601021021021021e+09	6.909276220860234e-03
2.601041041041041e+09	6.257413606473664e-03
2.601061061061061e+09	4.532376913259963e-03
2.601081081081081e+09	1.172417489486099e-03
2.601101101101101e+09	-8.030655172805583e-04
2.601121121121121e+09	3.558679244905427e-03
2.601141141141141e+09	3.212267521731055e-03
2.601161161161161e+09	6.011648488148333e-03
2.601181181181181e+09	3.486120085753127e-03
2.601201201201201e+09	2.081748110302190e-03
2.601221221221221e+09	3.602224873496478e-04
2.601241241241241e+09	4.189816043609055e-05
2.601261261261261e+09	1.021447596292394e-03
2.601281281281281e+09	2.217504178957519e-03
2.601301301301301e+09	2.279774806285348e-04
2.601321321321321e+09	2.126220110543511e-03
2.601341341341341e+09	4.624831333520733e-03
2.601361361361362e+09	2.009189021842451e-03
2.601381381381382e+09	6.410968456245778e-04
2.601401401401402e+09	-9.236073270522159e-04
2.601421421421422e+09	-1.870387938642446e-03
2.601441441441442e+09	3.995204806144811e-03
2.601461461461462e+09	-9.095637114515955e-04
2.601481481481482e+09	2.886921338889974e-03
2.601501501501502e+09	-2.268293229257552e-03
2.601521521521522e+09	2.973524213592727e-03
2.601541541541542e+09	3.969457991061059e-03
2.601561561561562e+09	3.048424204736080e-03
2.601581581581582e+09	2.474972372215837e-03
2.601601601601602e+09	4.228096406045942e-03
2.601621621621622e+09	4.128620099241751e-03
2.601641641641642e+09	1.381903053345024e-03
2.601661661661662e+09	2.905646388119645e-03
2.601681681681682e+09	4.126279431004462e-03
2.601701701701702e+09	-4.332473671717017e-04
2.601721721721722e+09	4.228096439461666e-03
2.601741741741742e+09	9.781461871239392e-04
2.601761761761762e+09	2.056001458184310e-03
2.601781781781782e+09	-1.137529157205431e-04
2.601801801801802e+09	3.333979693870889e-03
2.601821821821822e+09	1.467335561073823e-03
2.601841841841842e+09	3.241525217837468e-03
2.601861861861862e+09	9.042750888667822e-03
2.601881881881882e+09	2.957139897427798e-03
2.601901901901902e+09	3.506015263884392e-03
2.601921921921922e+09	7.420701549216123e-03
2.601941941941942e+09	3.927326924861072e-03
2.601961961961962e+09	5.877062969454189e-03
2.601981981981982e+09	3.936689209909677e-03
2.602002002002002e+09	4.257599164383471e-04
2.602022022022022e+09	3.316425082536247e-03
2.602042042042042e+09	-2.413167814308496e-04
2.602062062062062e+09	2.896283884312317e-03
2.602082082082082e+09	1.694620754739024e-04
2.602102102102102e+09	1.029639676656757e-03
2.602122122122122e+09	3.035550736706760e-03
2.602142142142142e+09	5.709708503359372e-03
2.602162162162162e+09	5.919438719611756e-04
2.602182182182182e+09	-1.198630024853167e-03
2.602202202202202e+09	-1.052341404403337e-03
2.602222222222222e+09	1.264056789102484e-05
2.602242242242242e+09	6.720856334569879e-03
2.602262262262262e+09	6.930341703783672e-03
2.602282282282282e+09	-2.148921698864230e-03
2.602302302302302e+09	-1.432692046859975e-03
2.602322322322322e+09	-1.192778609664320e-03
2.602342342342342e+09	1.519073757779026e-04
2.602362362362362e+09	2.917349420057108e-03
2.602382382382382e+09	2.467024517560977e-04
2.602402402402402e+09	-2.398197641008020e-03
2.602422422422422e+09	1.743528697004019e-03
2.602442442442442e+09	5.092955370170737e-03
2.602462462462462e+09	7.959210882885342e-06
2.602482482482482e+09	-1.032201653699974e-04
2.602502502502502e+09	1.380732673915314e-03
2.602522522522522e+09	2.043127946724804e-03
2.602542542542542e+09	1.415841938167882e-03
2.602562562562562e+09	1.476698051740989e-03
2.602582582582582e+09	1.605432141809700e-03
2.602602602602602e+09	3.191201829031113e-03
2.602622622622622e+09	4.974754146042138e-03
2.602642642642642e+09	3.392495187973000e-03
2.602662662662663e+09	5.790704593431416e-04
2.602682682682683e+09	5.778756796754235e-03
2.602702702702703e+09	2.606046998997928e-03
2.602722722722723e+09	2.084088953800795e-03
2.602742742742743e+09	6.065482828324953e-03
2.602762762762763e+09	-1.631644752023016e-03
2.602782782782783e+09	2.411775639664568e-03
2.602802802802803e+09	4.936378695832814e-04
2.602822822822823e+09	1.675650816433892e-03
2.602842842842843e+09	2.283041532939010e-03
2.602862862862863e+09	-2.378058292403741e-04
2.602882882882883e+09	6.327632206441276e-03
2.602902902902903e+09	3.912112873460509e-03
2.602922922922923e+09	2.366133495088014e-03
2.602942942942943e+09	2.369644450126426e-03
2.602962962962963e+09	-6.041126766320415e-04
2.602982982982983e+09	5.711230333174088e-05
2.603003003003003e+09	1.345623421769204e-03
2.603023023023023e+09	4.709093740085172e-03
2.603043043043043e+09	2.608387619830643e-03
2.603063063063063e+09	-2.276485352254196e-03
2.603083083083083e+09	-2.401708592411720e-03
2.603103103103103e+09	2.903305748598731e-03
2.603123123123123e+09	2.614239246150438e-03
2.603143143143143e+09	3.812880807688748e-04
2.603163163163163e+09	2.781593654903724e-03
2.603183183183183e+09	8.564337752306820e-04
2.603203203203203e+09	8.868619979452646e-04
2.603223223223223e+09	5.421812371359290e-03
2.603243243243243e+09	3.048424207006777e-03
2.603263263263263e+09	3.338660924991348e-03
2.603283283283283e+09	-5.526191621117531e-04
2.603303303303303e+09	1.648733573860391e-03
2.603323323323323e+09	5.458092061392038e-03
2.603343343343343e+09	3.774016177543952e-03
2.603363363363363e+09	2.342727306124429e-03
2.603383383383383e+09	3.654644541537708e-03
2.603403403403403e+09	3.578574434917852e-03
2.603423423423423e+09	4.755906077233673e-03
2.603443443443443e+09	8.341980134981891e-04
2.603463463463463e+09	1.885136257419773e-03
2.603483483483483e+09	3.118642777223234e-03
2.603503503503503e+09	1.622986845556713e-03
2.603523523523523e+09	3.514207411766741e-03
2.603543543543543e+09	-3.566166766192944e-03
2.603563563563563e+09	-2.158284157995623e-03
2.603583583583583e+09	3.392495236476269e-03
2.603603603603604e+09	-3.162164790269988e-04
2.603623623623624e+09	1.640541470458058e-03
2.603643643643644e+09	1.144574633790073e-04
2.603663663663664e+09	-2.246874079936924e-05
2.603683683683684e+09	5.356275033323121e-03
2.603703703703704e+09	2.772230988464088e-03
2.603723723723724e+09	-7.819998479128915e-04
2.603743743743744e+09	3.598469755235201e-03
2.603763763763764e+09	9.243119166989136e-04
2.603783783783784e+09	5.005182088581476e-03
2.603803803803804e+09	3.524740217383296e-03
2.603823823823824e+09	3.700286681080535e-03
2.603843843843844e+09	1.694619738546660e-04
2.603863863863864e+09	8.061105660322587e-04
2.603883883883884e+09	2.764038830680818e-03
2.603903903903904e+09	3.369089063242646e-03
2.603923923923924e+09	4.939644770522319e-03
2.603943943943944e+09	1.677991429277103e-03
2.603963963963964e+09	2.584981489218778e-03
2.603983983983984e+09	4.666962574564687e-03
2.604004004004004e+09	5.356275070871635e-03
2.604024024024024e+09	5.046142931175411e-03
2.604044044044044e+09	1.196994087277570e-03
2.604064064064064e+09	2.345067980234980e-03
2.604084084084084e+09	8.306871629334241e-04
2.604104104104104e+09	2.256368679885761e-04
2.604124124124124e+09	7.000560360077328e-03
2.604144144144144e+09	5.147959959079977e-03
2.604164164164164e+09	3.726033587284328e-03
2.604184184184184e+09	8.072808654805383e-04
2.604204204204204e+09	3.496652772921708e-03
2.604224224224224e+09	3.077681864657518e-03
2.604244244244244e+09	3.642941455925153e-03
2.604264264264264e+09	9.547399182851194e-04
2.604284284284284e+09	1.670969445262129e-03
2.604304304304304e+09	4.130960783107695e-03
2.604324324324324e+09	2.431670939290442e-03
2.604344344344344e+09	3.630068050172744e-03
2.604364364364364e+09	6.797171208057051e-04
2.604384384384384e+09	3.368163554123808e-04
2.604404404404405e+09	5.422982731059319e-03
2.604424424424425e+09	8.018729985994608e-03
2.604444444444445e+09	6.262094893770963e-03
2.604464464464465e+09	5.321165710815781e-03
2.604484484484485e+09	5.241584692646780e-03
2.604504504504505e+09	6.757135807991304e-03
2.604524524524525e+09	6.860123119953418e-03
2.604544544544545e+09	3.689753932413640e-03
2.604564564564565e+09	3.163114565945320e-03
2.604584584584585e+09	4.587381538535703e-03
2.604604604604605e+09	1.890987794119810e-03
2.604624624624625e+09	5.517777837321222e-03
2.604644644644645e+09	6.626061226680463e-03
2.604664664664665e+09	6.593292491429114e-03
2.604684684684685e+09	4.499608229997862e-03
2.604704704704705e+09	2.665732937325202e-03
2.604724724724725e+09	3.410049849616742e-03
2.604744744744745e+09	4.494927091718615e-03
2.604764764764765e+09	3.797422402312905e-03
2.604784784784785e+09	6.667022036760404e-03
2.604804804804805e+09	7.500282820371740e-03
2.604824824824825e+09	1.795022341203974e-03
2.604844844844845e+09	5.055505487735978e-03
2.604864864864865e+09	1.567982209341406e-03
2.604884884884885e+09	3.160773830149981e-03
2.604904904904905e+09	-7.480608952439627e-04
2.604924924924925e+09	3.291848569689492e-03
2.604944944944945e+09	4.754735818742598e-03
2.604964964964965e+09	2.573278314249519e-03
2.604984984984985e+09	1.929607979500371e-03
2.605005005005005e+09	4.829635657818362e-03
2.605025025025025e+09	3.480268477506950e-03
2.605045045045045e+09	4.022121838558137e-03
2.605065065065065e+09	2.967672778710663e-03
2.605085085085085e+09	2.938415017002455e-03
2.605105105105105e+09	9.664430106749851e-04
2.605125125125125e+09	-2.178179351051318e-03
2.605145145145145e+09	4.336935151351489e-03
2.605165165165165e+09	4.671643784011494e-03
2.605185185185185e+09	6.528000013984091e-04
2.605205205205205e+09	-1.005529033983838e-03
2.605225225225225e+09	-2.503525515238214e-03
2.605245245245245e+09	4.128864064948437e-04
2.605265265265265e+09	1.735336525807206e-03
2.605285285285285e+09	4.971488143899849e-04
2.605305305305305e+09	4.847190281129956e-03
2.605325325325325e+09	6.773766236843950e-04
2.605345345345345e+09	5.954547576035414e-04
2.605365365365366e+09	-1.242857586958722e-04
2.605385385385386e+09	1.307003219432385e-03
2.605405405405406e+09	1.633519578819510e-03
2.605425425425426e+09	2.033765551562967e-03
2.605445445445446e+09	5.439367124690887e-03
2.605465465465466e+09	1.896839297518396e-03
2.605485485485486e+09	9.325040554587833e-04
2.605505505505506e+09	-6.858248053926716e-03
2.605525525525526e+09	-2.361917958657165e-03
2.605545545545546e+09	1.776541539865699e-04
2.605565565565566e+09	1.242636060191630e-03
2.605585585585586e+09	-4.869891996260907e-03
2.605605605605606e+09	-1.298106467392760e-03
2.605625625625626e+09	-1.726439876593471e-03
2.605645645645646e+09	5.357689749047430e-04
2.605665665665666e+09	-1.769741339077299e-03
2.605685685685686e+09	-4.930748027607056e-03
2.605705705705706e+09	-4.036631344021712e-03
2.605725725725726e+09	-1.468971752633619e-03
2.605745745745746e+09	-1.914859702030920e-03
2.605765765765766e+09	-1.996781374663651e-03
2.605785785785786e+09	-1.454927949398362e-03
2.605805805805806e+09	-1.189267687663973e-03
2.605825825825826e+09	-4.869891973200978e-03
2.605845845845846e+09	-4.886276320521583e-03
2.605865865865866e+09	-6.332779283713916e-03
2.605885885885886e+09	-7.771090018187426e-03
2.605905905905906e+09	-9.136841372642776e-03
2.605925925925926e+09	-7.287751910940661e-03
2.605945945945946e+09	-4.819568557678690e-03
2.605965965965966e+09	-3.396471956918524e-03
2.605985985985986e+09	-2.611194078327452e-03
2.606006006006006e+09	-5.549841898870275e-03
2.606026026026026e+09	-7.225725529562708e-03
2.606046046046046e+09	-4.199304426510834e-03
2.606066066066066e+09	-8.235702944423273e-03
2.606086086086086e+09	-6.708448683685965e-03
2.606106106106106e+09	-5.638785554582931e-03
2.606126126126126e+09	-7.408293786723336e-03
2.606146146146146e+09	-1.382159154571455e-02
2.606166166166166e+09	-1.303631369006850e-02
2.606186186186186e+09	-8.974168372515504e-03
2.606206206206206e+09	-1.082325789378547e-02
2.606226226226226e+09	-1.020299365682664e-02
2.606246246246246e+09	-1.019246089825319e-02
2.606266266266266e+09	-9.912756891168587e-03
2.606286286286286e+09	-1.009883607249338e-02
2.606306306306306e+09	-1.342134561302824e-02
2.606326326326326e+09	-1.112402744439841e-02
2.606346346346346e+09	-1.041833078059366e-02
2.606366366366366e+09	-1.090986078664382e-02
2.606386386386386e+09	-1.442781211894409e-02
2.606406406406406e+09	-1.228380450472321e-02
2.606426426426426e+09	-1.292279360016694e-02
2.606446446446446e+09	-2.061406953889434e-02
2.606466466466466e+09	-1.685503452036445e-02
2.606486486486486e+09	-1.560163276769243e-02
2.606506506506506e+09	-1.951046732421265e-02
2.606526526526526e+09	-1.735007545245553e-02
2.606546546546546e+09	-1.794576310662666e-02
2.606566566566566e+09	-2.202312256565622e-02
2.606586586586586e+09	-2.437193422589697e-02
2.606606606606606e+09	-2.497113294699995e-02
2.606626626626626e+09	-2.034957958497536e-02
2.606646646646646e+09	-2.792616493164604e-02
2.606666666666667e+09	-2.517593703214667e-02
2.606686686686687e+09	-3.066937109985010e-02
2.606706706706707e+09	-2.906955765518445e-02
2.606726726726727e+09	-2.853823700008325e-02
2.606746746746747e+09	-3.167466721914895e-02
2.606766766766767e+09	-3.021880186249444e-02
2.606786786786787e+09	-3.223290505159122e-02
2.606806806806807e+09	-2.853940737970127e-02
2.606826826826827e+09	-3.126388853474751e-02
2.606846846846847e+09	-3.430318311582700e-02
2.606866866866867e+09	-3.640037811819201e-02
2.606886886886887e+09	-4.140345237833992e-02
2.606906906906907e+09	-3.992066987901550e-02
2.606926926926927e+09	-3.631611579550945e-02
2.606946946946947e+09	-4.016409427536525e-02
2.606966966966967e+09	-4.176741868410767e-02
2.606986986986987e+09	-4.383535594522033e-02
2.607007007007007e+09	-4.409984610403513e-02
2.607027027027027e+09	-4.724212772882317e-02
2.607047047047047e+09	-5.242894061206804e-02
2.607067067067067e+09	-5.466189161886407e-02
2.607087087087087e+09	-5.982529824901636e-02
2.607107107107107e+09	-5.791886363324421e-02
2.607127127127127e+09	-5.951867711492578e-02
2.607147147147147e+09	-5.854614968637836e-02
2.607167167167167e+09	-6.228880030641130e-02
2.607187187187187e+09	-6.548959756060477e-02
2.607207207207207e+09	-6.740890550173718e-02
2.607227227227227e+09	-6.485997080461836e-02
2.607247247247247e+09	-6.695014408653414e-02
2.607267267267267e+09	-7.337631478308183e-02
2.607287287287287e+09	-7.891773134111388e-02
2.607307307307307e+09	-7.607387879553909e-02
2.607327327327327e+09	-7.624357377502555e-02
2.607347347347347e+09	-8.077852387675671e-02
2.607367367367367e+09	-8.282305497921692e-02
2.607387387387387e+09	-8.788113364490430e-02
2.607407407407407e+09	-9.319668044613656e-02
2.607427427427427e+09	-9.623831547072315e-02
2.607447447447447e+09	-1.040711984256182e-01
2.607467467467467e+09	-1.041578013493063e-01
2.607487487487487e+09	-1.054720591234071e-01
2.607507507507507e+09	-1.119684484105030e-01
2.607527527527527e+09	-1.124166769710316e-01
2.607547547547547e+09	-1.181722602368668e-01
2.607567567567567e+09	-1.223210080319171e-01
2.607587587587587e+09	-1.242812768419169e-01
2.607607607607608e+09	-1.282849063992245e-01
2.607627627627628e+09	-1.282497970331219e-01
2.607647647647648e+09	-1.388785498198199e-01
2.607667667667668e+09	-1.425509816013395e-01
2.607687687687688e+09	-1.460958496428891e-01
2.607707707707708e+09	-1.489303395799663e-01
2.607727727727728e+09	-1.558515511012818e-01
2.607747747747748e+09	-1.605128945122290e-01
2.607767767767768e+09	-1.659501532920494e-01
2.607787787787788e+09	-1.700146388686848e-01
2.607807807807808e+09	-1.719199029851792e-01
2.607827827827828e+09	-1.819950989359681e-01
2.607847847847848e+09	-1.846938329864177e-01
2.607867867867868e+09	-1.920047574035953e-01
2.607887887887888e+09	-1.961031818760226e-01
2.607907907907908e+09	-2.029728994640559e-01
2.607927927927928e+09	-2.044334458966848e-01
2.607947947947948e+09	-2.122511143409845e-01
2.607967967967968e+09	-2.139983866892669e-01
2.607987987987988e+09	-2.210565240186129e-01
2.608008008008008e+09	-2.229734912909205e-01
2.608028028028028e+09	-2.259952308003349e-01
2.608048048048048e+09	-2.304061276724700e-01
2.608068068068068e+09	-2.336642697360244e-01
2.608088088088088e+09	-2.400295837951797e-01
2.608108108108108e+09	-2.450771292006515e-01
2.608128128128128e+09	-2.491310816771005e-01
2.608148148148148e+09	-2.542769330671680e-01
2.608168168168168e+09	-2.503809724303978e-01
2.608188188188188e+09	-2.538263638916121e-01
2.608208208208208e+09	-2.585988864516481e-01
2.608228228228228e+09	-2.554402207844069e-01
2.608248248248248e+09	-2.599189957271773e-01
2.608268268268268e+09	-2.593923563620962e-01
2.608288288288288e+09	-2.597422789879958e-01
2.608308308308308e+09	-2.642233944368782e-01
2.608328328328328e+09	-2.557339685164724e-01
2.608348348348348e+09	-2.590845649856293e-01
2.608368368368368e+09	-2.540627663878136e-01
2.608388388388388e+09	-2.532306762746787e-01
2.608408408408409e+09	-2.518146016546530e-01
2.608428428428429e+09	-2.498203940198604e-01
2.608448448448449e+09	-2.445961319413825e-01
2.608468468468469e+09	-2.387317103691194e-01
2.608488488488489e+09	-2.380903807549868e-01
2.608508508508509e+09	-2.268425349372715e-01
2.608528528528529e+09	-2.222338555327145e-01
2.608548548548549e+09	-2.160347253954560e-01
2.608568568568569e+09	-2.146385459797130e-01
2.608588588588589e+09	-2.029904541026688e-01
2.608608608608609e+09	-1.959147619516514e-01
2.608628628628629e+09	-1.850074758622141e-01
2.608648648648649e+09	-1.851455725195150e-01
2.608668668668669e+09	-1.715512553966020e-01
2.608688688688689e+09	-1.593039646916611e-01
2.608708708708709e+09	-1.502410864976062e-01
2.608728728728729e+09	-1.377164322214853e-01
2.608748748748749e+09	-1.322265094265488e-01
2.608768768768769e+09	-1.175976381175527e-01
2.608788788788789e+09	-1.163149786182551e-01
2.608808808808809e+09	-1.028482248653060e-01
2.608828828828829e+09	-8.702680757049798e-02
2.608848848848849e+09	-7.693756737872204e-02
2.608868868868869e+09	-6.399628218072484e-02
2.608888888888889e+09	-4.969743766853114e-02
2.608908908908909e+09	-4.089085668810246e-02
2.608928928928929e+09	-2.667159295281641e-02
2.608948948948949e+09	-1.223114048169495e-02
2.608968968968969e+09	-3.663302503596142e-03
2.608988988988989e+09	1.416636723059137e-02
2.609009009009009e+09	2.229885052742588e-02
2.609029029029029e+09	3.390832372368407e-02
2.609049049049049e+09	4.772383110420687e-02
2.609069069069069e+09	5.866622816491086e-02
2.609089089089089e+09	6.542359714374534e-02
2.609109109109109e+09	8.011332654457064e-02
2.609129129129129e+09	9.038513618174172e-02
2.609149149149149e+09	1.030198016389312e-01
2.609169169169169e+09	1.152881601359762e-01
2.609189189189189e+09	1.308930723032057e-01
2.609209209209209e+09	1.382203827251569e-01
2.609229229229229e+09	1.417968497992129e-01
2.609249249249249e+09	1.544010875800213e-01
2.609269269269269e+09	1.612193132142477e-01
2.609289289289289e+09	1.667326433037893e-01
2.609309309309309e+09	1.734701176672865e-01
2.609329329329329e+09	1.832621009174951e-01
2.609349349349349e+09	1.916462013753411e-01
2.609369369369370e+09	1.949113662721167e-01
2.609389389389390e+09	2.020923880553047e-01
2.609409409409410e+09	2.069304496652703e-01
2.609429429429430e+09	2.081604454981832e-01
2.609449449449450e+09	2.110663251352218e-01
2.609469469469470e+09	2.171542775710027e-01
2.609489489489490e+09	2.196973611564293e-01
2.609509509509510e+09	2.177066637768199e-01
2.609529529529530e+09	2.168230798294161e-01
2.609549549549550e+09	2.185726932301482e-01
2.609569569569570e+09	2.184697059348038e-01
2.609589589589590e+09	2.198179030807370e-01
2.609609609609610e+09	2.201303758548341e-01
2.609629629629630e+09	2.145678924681148e-01
2.609649649649650e+09	2.081768298386116e-01
2.609669669669670e+09	2.054406450650687e-01
2.609689689689690e+09	2.024516733390699e-01
2.609709709709710e+09	2.016453297816219e-01
2.609729729729730e+09	1.940289525977284e-01
2.609749749749750e+09	1.898954177759403e-01
2.609769769769770e+09	1.825049104628679e-01
2.609789789789790e+09	1.743490203983003e-01
2.609809809809810e+09	1.727819754206617e-01
2.609829829829830e+09	1.634534349130551e-01
2.609849849849850e+09	1.552507325168400e-01
2.609869869869870e+09	1.446992184034948e-01
2.609889889889890e+09	1.405610026087521e-01
2.609909909909910e+09	1.281288003392029e-01
2.609929929929930e+09	1.152846493122203e-01
2.609949949949950e+09	1.062627303068213e-01
2.609969969969970e+09	9.501137114096381e-02
2.609989989989990e+09	8.916684369802103e-02
2.610010010010010e+09	7.507982381419530e-02
2.610030030030030e+09	6.207534063564946e-02
2.610050050050050e+09	5.233251126175262e-02
2.610070070070070e+09	4.772851237734348e-02
2.610090090090090e+09	3.789205833130917e-02
2.610110110110110e+09	2.240651872673865e-02
2.610130130130130e+09	6.628401757388012e-03
2.610150150150150e+09	-4.103339083549487e-03
2.610170170170170e+09	-1.539565810659945e-02
2.610190190190190e+09	-2.348366908874858e-02
2.610210210210210e+09	-3.205969912154954e-02
2.610230230230230e+09	-4.511918585693003e-02
2.610250250250250e+09	-5.637873606605532e-02
2.610270270270270e+09	-6.359018473520761e-02
2.610290290290290e+09	-7.368995779458884e-02
2.610310310310310e+09	-8.971266837084831e-02
2.610330330330330e+09	-9.050613837199301e-02
2.610350350350350e+09	-1.009335980508794e-01
2.610370370370370e+09	-1.100549920756027e-01
2.610390390390390e+09	-1.135401743444098e-01
2.610410410410410e+09	-1.169890770786151e-01
2.610430430430430e+09	-1.235790909993647e-01
2.610450450450450e+09	-1.295886314072983e-01
2.610470470470470e+09	-1.387486452733357e-01
2.610490490490490e+09	-1.414204623151380e-01
2.610510510510510e+09	-1.449536273122407e-01
2.610530530530530e+09	-1.482972020217846e-01
2.610550550550550e+09	-1.459027485342164e-01
2.610570570570570e+09	-1.501696975764950e-01
2.610590590590590e+09	-1.493317558058953e-01
2.610610610610610e+09	-1.528953488870644e-01
2.610630630630630e+09	-1.515436411481386e-01
2.610650650650651e+09	-1.545197386965096e-01
2.610670670670671e+09	-1.516197113720155e-01
2.610690690690691e+09	-1.464270471717746e-01
2.610710710710711e+09	-1.507431494258756e-01
2.610730730730731e+09	-1.450250162357890e-01
2.610750750750751e+09	-1.436370288343475e-01
2.610770770770771e+09	-1.381997700464892e-01
2.610790790790791e+09	-1.335735358312896e-01
2.610810810810811e+09	-1.251894372191653e-01
2.610830830830831e+09	-1.195941864753163e-01
2.610850850850851e+09	-1.160095278003546e-01
2.610870870870871e+09	-1.113786123080827e-01
2.610890890890891e+09	-9.920036938556952e-02
2.610910910910911e+09	-9.164953103824879e-02
2.610930930930931e+09	-8.652123380667792e-02
2.610950950950951e+09	-7.794286347027707e-02
2.610970970970971e+09	-6.930597750343732e-02
2.610990990990991e+09	-5.964038932246314e-02
2.611011011011011e+09	-4.691561136657885e-02
2.611031031031031e+09	-3.888728633633923e-02
2.611051051051051e+09	-2.924510411983015e-02
2.611071071071071e+09	-2.029808585007531e-02
2.611091091091091e+09	-1.098944179541351e-02
2.611111111111111e+09	-6.958895010132974e-03
2.611131131131131e+09	4.049039045869570e-03
2.611151151151151e+09	1.658188678820549e-02
2.611171171171171e+09	3.135236692109854e-02
2.611191191191191e+09	3.793301918074689e-02
2.611211211211211e+09	4.766648598573717e-02
2.611231231231231e+09	5.734260776675452e-02
2.611251251251251e+09	7.251567494509223e-02
2.611271271271271e+09	7.460935920680523e-02
2.611291291291291e+09	9.122073739309898e-02
2.611311311311311e+09	9.736252380102375e-02
2.611331331331331e+09	1.090328537828505e-01
2.611351351351351e+09	1.214872916285553e-01
2.611371371371371e+09	1.267431534045787e-01
2.611391391391391e+09	1.336175538387725e-01
2.611411411411411e+09	1.381162251941220e-01
2.611431431431431e+09	1.508737735306324e-01
2.611451451451451e+09	1.554145760096570e-01
2.611471471471471e+09	1.660901432144898e-01
2.611491491491491e+09	1.698620520471579e-01
2.611511511511511e+09	1.728334690344643e-01
2.611531531531531e+09	1.825973648183894e-01
2.611551551551551e+09	1.824815042616365e-01
2.611571571571571e+09	1.889462963117479e-01
2.611591591591591e+09	1.920253818855889e-01
2.611611611611612e+09	2.001520143337283e-01
2.611631631631632e+09	1.996534622411457e-01
2.611651651651652e+09	2.010449607993849e-01
2.611671671671672e+09	1.989910668259713e-01
2.611691691691692e+09	2.007617458031575e-01
2.611711711711712e+09	1.993351379614584e-01
2.611731731731732e+09	2.022515503652094e-01
2.611751751751752e+09	1.999870005425439e-01
2.611771771771772e+09	1.987874329827355e-01
2.611791791791792e+09	1.978266082799602e-01
2.611811811811812e+09	1.940324635368524e-01
2.611831831831832e+09	1.888046888312171e-01
2.611851851851852e+09	1.833545554840014e-01
2.611871871871872e+09	1.859526434682949e-01
2.611891891891892e+09	1.793614579307470e-01
2.611911911911912e+09	1.678116690790047e-01
2.611931931931932e+09	1.651269781963885e-01
2.611951951951952e+09	1.589383791790708e-01
2.611971971971972e+09	1.494108860655408e-01
2.611991991991992e+09	1.416493907842272e-01
2.612012012012012e+09	1.322564833378148e-01
2.612032032032032e+09	1.266202709210937e-01
2.612052052052052e+09	1.166878507964528e-01
2.612072072072072e+09	1.080813919718671e-01
2.612092092092092e+09	9.821216876768028e-02
2.612112112112112e+09	8.907790034862491e-02
2.612132132132132e+09	7.510674093810639e-02
2.612152152152152e+09	7.118503249569000e-02
2.612172172172172e+09	5.975695691458193e-02
2.612192192192192e+09	4.919022937621791e-02
2.612212212212212e+09	4.033098387905277e-02
2.612232232232232e+09	2.478107727881803e-02
2.612252252252252e+09	1.788444157604835e-02
2.612272272272272e+09	1.072331585119269e-02
2.612292292292292e+09	-7.108694579321885e-03
2.612312312312312e+09	-1.609784410600282e-02
2.612332332332332e+09	-2.961375170373793e-02
2.612352352352352e+09	-3.837937186760235e-02
2.612372372372372e+09	-4.597585258231905e-02
2.612392392392392e+09	-5.575027973871968e-02
2.612412412412413e+09	-6.615433346891716e-02
2.612432432432433e+09	-7.658179315453370e-02
2.612452452452453e+09	-8.320106505547492e-02
2.612472472472473e+09	-9.370576525555314e-02
2.612492492492493e+09	-1.004011070891607e-01
2.612512512512513e+09	-1.022689215127004e-01
2.612532532532533e+09	-1.169902474704927e-01
2.612552552552553e+09	-1.222004661723603e-01
2.612572572572573e+09	-1.283902342398045e-01
2.612592592592593e+09	-1.341610313272053e-01
2.612612612612613e+09	-1.362055624051723e-01
2.612632632632633e+09	-1.374671562385157e-01
2.612652652652653e+09	-1.457026255857513e-01
2.612672672672673e+09	-1.463427849495927e-01
2.612692692692693e+09	-1.518549435982284e-01
2.612712712712713e+09	-1.542856767353600e-01
2.612732732732733e+09	-1.573120975765875e-01
2.612752752752753e+09	-1.565853352231746e-01
2.612772772772773e+09	-1.573916785497418e-01
2.612792792792793e+09	-1.560586959300620e-01
2.612812812812813e+09	-1.533634728227206e-01
2.612832832832833e+09	-1.541639646019268e-01
2.612852852852853e+09	-1.551247888417085e-01
2.612872872872873e+09	-1.500292604739921e-01
2.612892892892893e+09	-1.481216557045427e-01
2.612912912912913e+09	-1.398733129463024e-01
2.612932932932933e+09	-1.350551479288419e-01
2.612952952952953e+09	-1.331077526164054e-01
2.612972972972973e+09	-1.277360311099812e-01
2.612992992992993e+09	-1.214245508426183e-01
2.613013013013013e+09	-1.162798693879828e-01
2.613033033033033e+09	-1.066318361005267e-01
2.613053053053053e+09	-9.799378009232711e-02
2.613073073073073e+09	-9.312178070846996e-02
2.613093093093093e+09	-8.497174361064751e-02
2.613113113113113e+09	-7.183969814671007e-02
2.613133133133133e+09	-6.345208811668256e-02
2.613153153153153e+09	-5.627574881526207e-02
2.613173173173173e+09	-4.717542024898148e-02
2.613193193193193e+09	-3.420136598655066e-02
2.613213213213213e+09	-2.567799990655886e-02
2.613233233233233e+09	-1.636116369628529e-02
2.613253253253253e+09	1.916978585508457e-04
2.613273273273273e+09	1.219205460178451e-02
2.613293293293293e+09	1.935083979197280e-02
2.613313313313313e+09	3.488670271806812e-02
2.613333333333333e+09	4.417311110297657e-02
2.613353353353354e+09	5.864633289007913e-02
2.613373373373374e+09	6.530188496340453e-02
2.613393393393394e+09	7.955040748163007e-02
2.613413413413414e+09	8.858988083758304e-02
2.613433433433434e+09	1.006733303806218e-01
2.613453453453454e+09	1.101645435132020e-01
2.613473473473474e+09	1.249759855302586e-01
2.613493493493494e+09	1.355111151796201e-01
2.613513513513514e+09	1.494284407451167e-01
2.613533533533534e+09	1.535888925329665e-01
2.613553553553554e+09	1.580910748253563e-01
2.613573573573574e+09	1.674980261672586e-01
2.613593593593594e+09	1.820754067485755e-01
2.613613613613614e+09	1.914343753364842e-01
2.613633633633634e+09	2.000279613571988e-01
2.613653653653654e+09	2.097263199931559e-01
2.613673673673674e+09	2.161595140755965e-01
2.613693693693694e+09	2.247636329715294e-01
2.613713713713714e+09	2.311476741003899e-01
2.613733733733734e+09	2.371185956200258e-01
2.613753753753754e+09	2.416874859373409e-01
2.613773773773774e+09	2.497614546343686e-01
2.613793793793794e+09	2.558891977637096e-01
2.613813813813814e+09	2.624288901576527e-01
2.613833833833834e+09	2.675115465507517e-01
2.613853853853854e+09	2.679141333816698e-01
2.613873873873874e+09	2.688445296764006e-01
2.613893893893894e+09	2.717129595911260e-01
2.613913913913914e+09	2.730131740072734e-01
2.613933933933934e+09	2.694226627890348e-01
2.613953953953954e+09	2.659854623662852e-01
2.613973973973974e+09	2.729523178484908e-01
2.613993993993994e+09	2.779507121713741e-01
2.614014014014014e+09	2.771303247791329e-01
2.614034034034034e+09	2.776171737456670e-01
2.614054054054054e+09	2.732308518404826e-01
2.614074074074074e+09	2.713677181512061e-01
2.614094094094094e+09	2.694706456283492e-01
2.614114114114114e+09	2.654681854178438e-01
2.614134134134134e+09	2.680393564672730e-01
2.614154154154154e+09	2.604908567975364e-01
2.614174174174174e+09	2.576399816708932e-01
2.614194194194194e+09	2.507538775523154e-01
2.614214214214214e+09	2.458233614371851e-01
2.614234234234234e+09	2.432896402619389e-01
2.614254254254254e+09	2.440655557601940e-01
2.614274274274274e+09	2.426529915737925e-01
2.614294294294294e+09	2.336287312068001e-01
2.614314314314314e+09	2.280065620354396e-01
2.614334334334334e+09	2.172654569751839e-01
2.614354354354354e+09	2.121266258861110e-01
2.614374374374374e+09	2.118024499954159e-01
2.614394394394394e+09	2.047653761033555e-01
2.614414414414414e+09	1.986762533110168e-01
2.614434434434434e+09	1.949183881035012e-01
2.614454454454454e+09	1.899352082148034e-01
2.614474474474474e+09	1.860883995403785e-01
2.614494494494494e+09	1.796107339788997e-01
2.614514514514514e+09	1.739721807001103e-01
2.614534534534534e+09	1.706485003765115e-01
2.614554554554554e+09	1.620373598962999e-01
2.614574574574574e+09	1.541611741309793e-01
2.614594594594594e+09	1.522980406639931e-01
2.614614614614614e+09	1.477724523544286e-01
2.614634634634634e+09	1.415183160744108e-01
2.614654654654655e+09	1.394304831582797e-01
2.614674674674675e+09	1.310943657558806e-01
2.614694694694695e+09	1.285758588828958e-01
2.614714714714715e+09	1.180828601718594e-01
2.614734734734735e+09	1.182338302370427e-01
2.614754754754755e+09	1.135736562141738e-01
2.614774774774775e+09	1.067214918490362e-01
2.614794794794795e+09	1.029121330232545e-01
2.614814814814815e+09	1.040332899949787e-01
2.614834834834835e+09	9.747370312193490e-02
2.614854854854855e+09	9.315174874743824e-02
2.614874874874875e+09	8.911300925655223e-02
2.614894894894895e+09	8.589348696227120e-02
2.614914914914915e+09	8.200337698328002e-02
2.614934934934935e+09	7.884236991701625e-02
2.614954954954955e+09	7.511844405444713e-02
2.614974974974975e+09	7.336414960598692e-02
2.614994994994995e+09	6.950329738530577e-02
2.615015015015015e+09	6.676477225608099e-02
2.615035035035035e+09	6.469332382274381e-02
2.615055055055055e+09	6.289221710826756e-02
2.615075075075075e+09	5.561288976170479e-02
2.615095095095095e+09	5.498209275098396e-02
2.615115115115115e+09	5.407159172345621e-02
2.615135135135135e+09	5.407042136337199e-02
2.615155155155155e+09	4.981868562921228e-02
2.615175175175175e+09	4.550375337378967e-02
2.615195195195195e+09	4.455580242791309e-02
2.615215215215215e+09	4.326378039005661e-02
2.615235235235235e+09	4.411927687262569e-02
2.615255255255255e+09	3.963464950869588e-02
2.615275275275275e+09	3.463391568691522e-02
2.615295295295295e+09	3.430856958741823e-02
2.615315315315315e+09	3.467838741063081e-02
2.615335335335335e+09	3.470179358701810e-02
2.615355355355355e+09	3.047229390231673e-02
2.615375375375375e+09	2.992809993948948e-02
2.615395395395395e+09	2.840903779549618e-02
2.615415415415415e+09	2.609650550402764e-02
2.615435435435435e+09	1.990556657087842e-02
2.615455455455455e+09	2.228246579760869e-02
2.615475475475475e+09	1.824021567726668e-02
2.615495495495495e+09	2.163294395475082e-02
2.615515515515515e+09	2.070839924685377e-02
2.615535535535535e+09	2.271313994353610e-02
2.615555555555555e+09	1.680307525397273e-02
2.615575575575575e+09	1.220258745404768e-02
2.615595595595595e+09	1.585746491571526e-02
2.615615615615616e+09	1.505112154656801e-02
2.615635635635636e+09	1.177893528333963e-02
2.615655655655656e+09	1.163147622626480e-02
2.615675675675676e+09	1.488142650329919e-02
2.615695695695696e+09	1.674221926706223e-02
2.615715715715716e+09	1.071278294739098e-02
2.615735735735736e+09	1.134826120313734e-02
2.615755755755756e+09	1.252559307653223e-02
2.615775775775776e+09	1.383048839760253e-02
2.615795795795796e+09	7.083652230660180e-03
2.615815815815816e+09	8.454085143546147e-03
2.615835835835836e+09	8.093629736570617e-03
2.615855855855856e+09	5.802162975262348e-03
2.615875875875876e+09	1.075725478196209e-02
2.615895895895896e+09	1.400018316400259e-02
2.615915915915916e+09	1.037339319085021e-02
2.615935935935936e+09	1.148167654103416e-02
2.615955955955956e+09	1.113175392930621e-02
2.615975975975976e+09	5.232222281890778e-03
2.615995995995996e+09	6.750113944570445e-03
2.616016016016016e+09	9.190210045766438e-03
2.616036036036036e+09	1.448469156571813e-02
2.616056056056056e+09	7.921594195674163e-03
2.616076076076076e+09	4.953688421324939e-03
2.616096096096096e+09	8.623780062421184e-03
2.616116116116116e+09	1.024465911563039e-02
2.616136136136136e+09	6.863634057148725e-03
2.616156156156156e+09	1.386325715339255e-02
2.616176176176176e+09	1.405401752676660e-02
2.616196196196196e+09	8.314818108599523e-03
2.616216216216216e+09	9.781216466722796e-03
2.616236236236236e+09	9.131694501517885e-03
2.616256256256256e+09	1.041786496739013e-02
2.616276276276276e+09	1.220141713393855e-02
2.616296296296296e+09	9.478106199051607e-03
2.616316316316316e+09	1.220375765595125e-02
2.616336336336336e+09	9.836221030696314e-03
2.616356356356356e+09	7.150359975269801e-03
2.616376376376376e+09	1.018380297074804e-02
2.616396396396396e+09	9.571730916115894e-03
2.616416416416417e+09	9.245214525459912e-03
2.616436436436437e+09	8.712723647733865e-03
2.616456456456457e+09	9.226489583243555e-03
2.616476476476477e+09	1.312830246225123e-02
2.616496496496497e+09	1.170286516400247e-02
2.616516516516517e+09	9.007641636155651e-03
2.616536536536537e+09	9.289686399803073e-03
2.616556556556557e+09	8.844968497095458e-03
2.616576576576577e+09	9.165633481846420e-03
2.616596596596597e+09	8.495045919532422e-03
2.616616616616617e+09	1.272922689229586e-02
2.616636636636637e+09	1.226344350028687e-02
2.616656656656657e+09	1.237696357752153e-02
2.616676676676677e+09	8.313647959749201e-03
2.616696696696697e+09	1.046584770454116e-02
2.616716716716717e+09	9.655993231462909e-03
2.616736736736737e+09	8.099481236023115e-03
2.616756756756757e+09	1.034764638346425e-02
2.616776776776777e+09	8.655378305864955e-03
2.616796796796797e+09	8.592181691290855e-03
2.616816816816817e+09	9.631416815252687e-03
2.616836836836837e+09	1.166541525337496e-02
2.616856856856857e+09	1.315756021940810e-02
2.616876876876877e+09	9.693443242190835e-03
2.616896896896897e+09	7.476876467315497e-03
2.616916916916917e+09	8.653037768999606e-03
2.616936936936937e+09	8.993597816354325e-03
2.616956956956957e+09	1.038743683994095e-02
2.616976976976977e+09	9.843242883477665e-03
2.616996996996997e+09	7.078971094090405e-03
2.617017017017017e+09	8.069053134154460e-03
2.617037037037037e+09	7.618483783394859e-03
2.617057057057057e+09	7.627846420943992e-03
2.617077077077077e+09	7.341120488502326e-03
2.617097097097097e+09	9.067327401063738e-03
2.617117117117117e+09	6.111124897798458e-03
2.617137137137137e+09	8.352268127418344e-03
2.617157157157157e+09	8.713893977057300e-03
2.617177177177177e+09	9.754299263755369e-03
2.617197197197197e+09	7.935637800061965e-03
2.617217217217217e+09	7.950851828478451e-03
2.617237237237237e+09	6.953747957379264e-03
2.617257257257257e+09	1.159285596819209e-02
2.617277277277277e+09	5.583315184436690e-03
2.617297297297297e+09	6.395510172742416e-03
2.617317317317317e+09	7.789349146630978e-03
2.617337337337337e+09	6.204749682224060e-03
2.617357357357358e+09	7.391443790339053e-03
2.617377377377378e+09	6.294863466035663e-03
2.617397397397398e+09	6.469239731503623e-03
2.617417417417418e+09	6.068993791996506e-03
2.617437437437438e+09	5.881744167107992e-03
2.617457457457458e+09	7.617313607712869e-03
2.617477477477478e+09	1.206215021857051e-02
2.617497497497498e+09	4.963050870735526e-03
2.617517517517518e+09	1.150181687915160e-03
2.617537537537538e+09	2.608387616344385e-03
2.617557557557558e+09	4.664621986243666e-03
2.617577577577578e+09	5.207645703826486e-03
2.617597597597598e+09	8.328862043347511e-03
2.617617617617618e+09	9.609180865616818e-03
2.617637637637638e+09	4.465669309912896e-03
2.617657657657658e+09	6.312418140412343e-03
2.617677677677678e+09	1.249165391290909e-02
2.617697697697698e+09	5.239244049179274e-03
2.617717717717718e+09	2.363792916966171e-03
2.617737737737738e+09	4.160218452580758e-03
2.617757757757758e+09	3.379621791321028e-03
2.617777777777778e+09	3.731885024385180e-03
2.617797797797798e+09	4.085318567428966e-03
2.617817817817818e+09	3.635919689623714e-03
2.617837837837838e+09	4.527695753118700e-03
2.617857857857858e+09	2.753506106729763e-03
2.617877877877878e+09	3.482609090807640e-03
2.617897897897898e+09	4.460988088045434e-03
2.617917917917918e+09	1.429885738037499e-03
2.617937937937938e+09	1.331824292716622e-04
2.617957957957958e+09	6.346357172396995e-03
2.617977977977978e+09	3.768164603929926e-03
2.617997997997998e+09	6.187195043550832e-03
2.618018018018018e+09	-1.713566416623309e-03
2.618038038038038e+09	1.027299084487949e-03
2.618058058058058e+09	4.010418771248987e-03
2.618078078078078e+09	5.377340677926736e-03
2.618098098098098e+09	4.793356133016818e-03
2.618118118118118e+09	7.678169787105279e-03
2.618138138138138e+09	2.655200097346409e-03
2.618158158158158e+09	2.927882196431305e-03
2.618178178178178e+09	1.398287441394147e-03
2.618198198198198e+09	-1.817724074934503e-03
2.618218218218218e+09	1.668628814093539e-03
2.618238238238238e+09	4.431730337434740e-03
2.618258258258258e+09	-2.112642127242189e-03
2.618278278278278e+09	2.878729347477039e-03
2.618298298298298e+09	1.446269993120054e-03
2.618318318318318e+09	4.915068236552868e-03
2.618338338338338e+09	5.069549065064861e-03
2.618358358358358e+09	8.622854112065747e-04
2.618378378378378e+09	-8.358341053262100e-04
2.618398398398398e+09	5.382021851416267e-03
2.618418418418418e+09	4.465669275552423e-03
2.618438438438438e+09	1.903861179476636e-03
2.618458458458458e+09	1.062408426176092e-03
2.618478478478478e+09	4.209371422118017e-03
2.618498498498498e+09	1.552768163404302e-03
2.618518518518518e+09	1.208697080441063e-03
2.618538538538538e+09	2.758187371273260e-03
2.618558558558558e+09	5.755594726674123e-04
2.618578578578578e+09	2.630868172553833e-04
2.618598598598598e+09	2.446884926213693e-03
2.618618618618618e+09	4.359171078155996e-03
2.618638638638638e+09	4.600254934638236e-03
2.618658658658659e+09	3.421752853889488e-03
2.618678678678679e+09	2.116857500144059e-03
2.618698698698699e+09	-4.964442714888794e-04
2.618718718718719e+09	-1.094472559029750e-03
2.618738738738739e+09	2.617750132621468e-03
2.618758758758759e+09	1.542479018796032e-04
2.618778778778779e+09	5.299174172290296e-04
2.618798798798799e+09	-2.316276026887122e-03
2.618818818818819e+09	4.122768540329234e-03
2.618838838838839e+09	5.907736084237937e-04
2.618858858858859e+09	-1.397582723388206e-03
2.618878878878879e+09	-1.026594586339890e-03
2.618898898898899e+09	7.768528220342904e-04
2.618918918918919e+09	-3.606883060179710e-04
2.618938938938939e+09	2.057415670639297e-04
2.618958958958959e+09	1.881625203369334e-03
2.618978978978979e+09	9.129641483272561e-06
2.618998998998999e+09	2.244421274934539e-03
2.619019019019019e+09	9.935698291732390e-03
2.619039039039039e+09	2.230377858230299e-03
2.619059059059059e+09	-4.847411367974945e-04
2.619079079079079e+09	-9.528650570128792e-04
2.619099099099099e+09	-5.769860173717251e-03
2.619119119119119e+09	-2.982182205879917e-03
2.619139139139139e+09	-1.772081928584097e-03
2.619159159159159e+09	4.044357854480280e-03
2.619179179179179e+09	1.798533169248905e-03
2.619199199199199e+09	3.013314829604941e-03
2.619219219219219e+09	-6.907156626856929e-04
2.619239239239239e+09	5.566930880395437e-03
2.619259259259259e+09	3.899239331711408e-03
2.619279279279279e+09	1.852367594132876e-03
2.619299299299299e+09	1.775127078499678e-03
2.619319319319319e+09	2.314639919849275e-03
2.619339339339339e+09	-2.065829653610993e-03
2.619359359359359e+09	7.780230804994020e-04
2.619379379379379e+09	4.365022655913909e-03
2.619399399399399e+09	4.203519939932737e-03
2.619419419419419e+09	1.742358444746056e-03
2.619439439439439e+09	4.328743057939434e-03
2.619459459459459e+09	4.774979860108409e-05
2.619479479479479e+09	3.791570802850453e-03
2.619499499499499e+09	5.014544584620466e-03
2.619519519519519e+09	3.793911465768634e-03
2.619539539539539e+09	1.173587862539659e-03
2.619559559559559e+09	-1.138944377362744e-03
2.619579579579579e+09	7.300403738790622e-04
2.619599599599600e+09	-3.417537537408063e-03
2.619619619619620e+09	3.508600454065125e-04
2.619639639639640e+09	9.336743141730661e-04
2.619659659659660e+09	-3.747320302890216e-04
2.619679679679680e+09	2.919690048437462e-03
2.619699699699700e+09	1.493082354819671e-03
2.619719719719720e+09	1.037831822603155e-03
2.619739739739740e+09	1.593729041985172e-03
2.619759759759760e+09	1.336260953298868e-03
2.619779779779780e+09	5.439613321592280e-04
2.619799799799800e+09	2.228037037794976e-03
2.619819819819820e+09	2.652859506197981e-03
2.619839839839840e+09	-1.076917870031189e-03
2.619859859859860e+09	-8.800608013124762e-05
2.619879879879880e+09	4.754735851473560e-03
2.619899899899900e+09	1.828961321331606e-03
2.619919919919920e+09	2.876633260325239e-04
2.619939939939940e+09	1.755231815869331e-03
2.619959959959960e+09	-9.879743504205775e-04
2.619979979979980e+09	2.987568040912908e-03
2.620000000000000e+09	5.991753210974888e-03
